1	,	1	,	1	,	7	,	230	,	122
2	,	1	,	7	,	8	,	231	,	230
3	,	1	,	8	,	9	,	232	,	231
4	,	1	,	9	,	10	,	233	,	232
5	,	1	,	10	,	11	,	234	,	233
6	,	1	,	11	,	12	,	235	,	234
7	,	1	,	12	,	13	,	236	,	235
8	,	1	,	13	,	14	,	237	,	236
9	,	1	,	14	,	15	,	238	,	237
10	,	1	,	15	,	2	,	16	,	238
11	,	1	,	122	,	230	,	239	,	121
12	,	1	,	230	,	231	,	240	,	239
13	,	1	,	231	,	232	,	241	,	240
14	,	1	,	232	,	233	,	242	,	241
15	,	1	,	233	,	234	,	243	,	242
16	,	1	,	234	,	235	,	244	,	243
17	,	1	,	235	,	236	,	245	,	244
18	,	1	,	236	,	237	,	246	,	245
19	,	1	,	237	,	238	,	247	,	246
20	,	1	,	238	,	16	,	17	,	247
21	,	1	,	121	,	239	,	248	,	120
22	,	1	,	239	,	240	,	249	,	248
23	,	1	,	240	,	241	,	250	,	249
24	,	1	,	241	,	242	,	251	,	250
25	,	1	,	242	,	243	,	252	,	251
26	,	1	,	243	,	244	,	253	,	252
27	,	1	,	244	,	245	,	254	,	253
28	,	1	,	245	,	246	,	255	,	254
29	,	1	,	246	,	247	,	256	,	255
30	,	1	,	247	,	17	,	18	,	256
31	,	1	,	120	,	248	,	257	,	119
32	,	1	,	248	,	249	,	258	,	257
33	,	1	,	249	,	250	,	259	,	258
34	,	1	,	250	,	251	,	260	,	259
35	,	1	,	251	,	252	,	261	,	260
36	,	1	,	252	,	253	,	262	,	261
37	,	1	,	253	,	254	,	263	,	262
38	,	1	,	254	,	255	,	264	,	263
39	,	1	,	255	,	256	,	265	,	264
40	,	1	,	256	,	18	,	19	,	265
41	,	1	,	119	,	257	,	266	,	118
42	,	1	,	257	,	258	,	267	,	266
43	,	1	,	258	,	259	,	268	,	267
44	,	1	,	259	,	260	,	269	,	268
45	,	1	,	260	,	261	,	270	,	269
46	,	1	,	261	,	262	,	271	,	270
47	,	1	,	262	,	263	,	272	,	271
48	,	1	,	263	,	264	,	273	,	272
49	,	1	,	264	,	265	,	274	,	273
50	,	1	,	265	,	19	,	20	,	274
51	,	1	,	118	,	266	,	275	,	117
52	,	1	,	266	,	267	,	276	,	275
53	,	1	,	267	,	268	,	277	,	276
54	,	1	,	268	,	269	,	278	,	277
55	,	1	,	269	,	270	,	279	,	278
56	,	1	,	270	,	271	,	280	,	279
57	,	1	,	271	,	272	,	281	,	280
58	,	1	,	272	,	273	,	282	,	281
59	,	1	,	273	,	274	,	283	,	282
60	,	1	,	274	,	20	,	21	,	283
61	,	1	,	117	,	275	,	284	,	116
62	,	1	,	275	,	276	,	285	,	284
63	,	1	,	276	,	277	,	286	,	285
64	,	1	,	277	,	278	,	287	,	286
65	,	1	,	278	,	279	,	288	,	287
66	,	1	,	279	,	280	,	289	,	288
67	,	1	,	280	,	281	,	290	,	289
68	,	1	,	281	,	282	,	291	,	290
69	,	1	,	282	,	283	,	292	,	291
70	,	1	,	283	,	21	,	22	,	292
71	,	1	,	116	,	284	,	293	,	115
72	,	1	,	284	,	285	,	294	,	293
73	,	1	,	285	,	286	,	295	,	294
74	,	1	,	286	,	287	,	296	,	295
75	,	1	,	287	,	288	,	297	,	296
76	,	1	,	288	,	289	,	298	,	297
77	,	1	,	289	,	290	,	299	,	298
78	,	1	,	290	,	291	,	300	,	299
79	,	1	,	291	,	292	,	301	,	300
80	,	1	,	292	,	22	,	23	,	301
81	,	1	,	115	,	293	,	302	,	114
82	,	1	,	293	,	294	,	303	,	302
83	,	1	,	294	,	295	,	304	,	303
84	,	1	,	295	,	296	,	305	,	304
85	,	1	,	296	,	297	,	306	,	305
86	,	1	,	297	,	298	,	307	,	306
87	,	1	,	298	,	299	,	308	,	307
88	,	1	,	299	,	300	,	309	,	308
89	,	1	,	300	,	301	,	310	,	309
90	,	1	,	301	,	23	,	24	,	310
91	,	1	,	114	,	302	,	311	,	113
92	,	1	,	302	,	303	,	312	,	311
93	,	1	,	303	,	304	,	313	,	312
94	,	1	,	304	,	305	,	314	,	313
95	,	1	,	305	,	306	,	315	,	314
96	,	1	,	306	,	307	,	316	,	315
97	,	1	,	307	,	308	,	317	,	316
98	,	1	,	308	,	309	,	318	,	317
99	,	1	,	309	,	310	,	319	,	318
100	,	1	,	310	,	24	,	25	,	319
101	,	1	,	113	,	311	,	320	,	112
102	,	1	,	311	,	312	,	321	,	320
103	,	1	,	312	,	313	,	322	,	321
104	,	1	,	313	,	314	,	323	,	322
105	,	1	,	314	,	315	,	324	,	323
106	,	1	,	315	,	316	,	325	,	324
107	,	1	,	316	,	317	,	326	,	325
108	,	1	,	317	,	318	,	327	,	326
109	,	1	,	318	,	319	,	328	,	327
110	,	1	,	319	,	25	,	26	,	328
111	,	1	,	112	,	320	,	329	,	111
112	,	1	,	320	,	321	,	330	,	329
113	,	1	,	321	,	322	,	331	,	330
114	,	1	,	322	,	323	,	332	,	331
115	,	1	,	323	,	324	,	333	,	332
116	,	1	,	324	,	325	,	334	,	333
117	,	1	,	325	,	326	,	335	,	334
118	,	1	,	326	,	327	,	336	,	335
119	,	1	,	327	,	328	,	337	,	336
120	,	1	,	328	,	26	,	27	,	337
121	,	1	,	111	,	329	,	338	,	110
122	,	1	,	329	,	330	,	339	,	338
123	,	1	,	330	,	331	,	340	,	339
124	,	1	,	331	,	332	,	341	,	340
125	,	1	,	332	,	333	,	342	,	341
126	,	1	,	333	,	334	,	343	,	342
127	,	1	,	334	,	335	,	344	,	343
128	,	1	,	335	,	336	,	345	,	344
129	,	1	,	336	,	337	,	346	,	345
130	,	1	,	337	,	27	,	28	,	346
131	,	1	,	110	,	338	,	347	,	109
132	,	1	,	338	,	339	,	348	,	347
133	,	1	,	339	,	340	,	349	,	348
134	,	1	,	340	,	341	,	350	,	349
135	,	1	,	341	,	342	,	351	,	350
136	,	1	,	342	,	343	,	352	,	351
137	,	1	,	343	,	344	,	353	,	352
138	,	1	,	344	,	345	,	354	,	353
139	,	1	,	345	,	346	,	355	,	354
140	,	1	,	346	,	28	,	29	,	355
141	,	1	,	109	,	347	,	356	,	108
142	,	1	,	347	,	348	,	357	,	356
143	,	1	,	348	,	349	,	358	,	357
144	,	1	,	349	,	350	,	359	,	358
145	,	1	,	350	,	351	,	360	,	359
146	,	1	,	351	,	352	,	361	,	360
147	,	1	,	352	,	353	,	362	,	361
148	,	1	,	353	,	354	,	363	,	362
149	,	1	,	354	,	355	,	364	,	363
150	,	1	,	355	,	29	,	30	,	364
151	,	1	,	108	,	356	,	365	,	107
152	,	1	,	356	,	357	,	366	,	365
153	,	1	,	357	,	358	,	367	,	366
154	,	1	,	358	,	359	,	368	,	367
155	,	1	,	359	,	360	,	369	,	368
156	,	1	,	360	,	361	,	370	,	369
157	,	1	,	361	,	362	,	371	,	370
158	,	1	,	362	,	363	,	372	,	371
159	,	1	,	363	,	364	,	373	,	372
160	,	1	,	364	,	30	,	31	,	373
161	,	1	,	107	,	365	,	374	,	106
162	,	1	,	365	,	366	,	375	,	374
163	,	1	,	366	,	367	,	376	,	375
164	,	1	,	367	,	368	,	377	,	376
165	,	1	,	368	,	369	,	378	,	377
166	,	1	,	369	,	370	,	379	,	378
167	,	1	,	370	,	371	,	380	,	379
168	,	1	,	371	,	372	,	381	,	380
169	,	1	,	372	,	373	,	382	,	381
170	,	1	,	373	,	31	,	32	,	382
171	,	1	,	106	,	374	,	383	,	105
172	,	1	,	374	,	375	,	384	,	383
173	,	1	,	375	,	376	,	385	,	384
174	,	1	,	376	,	377	,	386	,	385
175	,	1	,	377	,	378	,	387	,	386
176	,	1	,	378	,	379	,	388	,	387
177	,	1	,	379	,	380	,	389	,	388
178	,	1	,	380	,	381	,	390	,	389
179	,	1	,	381	,	382	,	391	,	390
180	,	1	,	382	,	32	,	33	,	391
181	,	1	,	105	,	383	,	392	,	104
182	,	1	,	383	,	384	,	393	,	392
183	,	1	,	384	,	385	,	394	,	393
184	,	1	,	385	,	386	,	395	,	394
185	,	1	,	386	,	387	,	396	,	395
186	,	1	,	387	,	388	,	397	,	396
187	,	1	,	388	,	389	,	398	,	397
188	,	1	,	389	,	390	,	399	,	398
189	,	1	,	390	,	391	,	400	,	399
190	,	1	,	391	,	33	,	34	,	400
191	,	1	,	104	,	392	,	401	,	103
192	,	1	,	392	,	393	,	402	,	401
193	,	1	,	393	,	394	,	403	,	402
194	,	1	,	394	,	395	,	404	,	403
195	,	1	,	395	,	396	,	405	,	404
196	,	1	,	396	,	397	,	406	,	405
197	,	1	,	397	,	398	,	407	,	406
198	,	1	,	398	,	399	,	408	,	407
199	,	1	,	399	,	400	,	409	,	408
200	,	1	,	400	,	34	,	35	,	409
201	,	1	,	103	,	401	,	410	,	102
202	,	1	,	401	,	402	,	411	,	410
203	,	1	,	402	,	403	,	412	,	411
204	,	1	,	403	,	404	,	413	,	412
205	,	1	,	404	,	405	,	414	,	413
206	,	1	,	405	,	406	,	415	,	414
207	,	1	,	406	,	407	,	416	,	415
208	,	1	,	407	,	408	,	417	,	416
209	,	1	,	408	,	409	,	418	,	417
210	,	1	,	409	,	35	,	36	,	418
211	,	1	,	102	,	410	,	419	,	101
212	,	1	,	410	,	411	,	420	,	419
213	,	1	,	411	,	412	,	421	,	420
214	,	1	,	412	,	413	,	422	,	421
215	,	1	,	413	,	414	,	423	,	422
216	,	1	,	414	,	415	,	424	,	423
217	,	1	,	415	,	416	,	425	,	424
218	,	1	,	416	,	417	,	426	,	425
219	,	1	,	417	,	418	,	427	,	426
220	,	1	,	418	,	36	,	37	,	427
221	,	1	,	101	,	419	,	428	,	100
222	,	1	,	419	,	420	,	429	,	428
223	,	1	,	420	,	421	,	430	,	429
224	,	1	,	421	,	422	,	431	,	430
225	,	1	,	422	,	423	,	432	,	431
226	,	1	,	423	,	424	,	433	,	432
227	,	1	,	424	,	425	,	434	,	433
228	,	1	,	425	,	426	,	435	,	434
229	,	1	,	426	,	427	,	436	,	435
230	,	1	,	427	,	37	,	38	,	436
231	,	1	,	100	,	428	,	437	,	99
232	,	1	,	428	,	429	,	438	,	437
233	,	1	,	429	,	430	,	439	,	438
234	,	1	,	430	,	431	,	440	,	439
235	,	1	,	431	,	432	,	441	,	440
236	,	1	,	432	,	433	,	442	,	441
237	,	1	,	433	,	434	,	443	,	442
238	,	1	,	434	,	435	,	444	,	443
239	,	1	,	435	,	436	,	445	,	444
240	,	1	,	436	,	38	,	39	,	445
241	,	1	,	99	,	437	,	446	,	98
242	,	1	,	437	,	438	,	447	,	446
243	,	1	,	438	,	439	,	448	,	447
244	,	1	,	439	,	440	,	449	,	448
245	,	1	,	440	,	441	,	450	,	449
246	,	1	,	441	,	442	,	451	,	450
247	,	1	,	442	,	443	,	452	,	451
248	,	1	,	443	,	444	,	453	,	452
249	,	1	,	444	,	445	,	454	,	453
250	,	1	,	445	,	39	,	40	,	454
251	,	1	,	98	,	446	,	455	,	97
252	,	1	,	446	,	447	,	456	,	455
253	,	1	,	447	,	448	,	457	,	456
254	,	1	,	448	,	449	,	458	,	457
255	,	1	,	449	,	450	,	459	,	458
256	,	1	,	450	,	451	,	460	,	459
257	,	1	,	451	,	452	,	461	,	460
258	,	1	,	452	,	453	,	462	,	461
259	,	1	,	453	,	454	,	463	,	462
260	,	1	,	454	,	40	,	41	,	463
261	,	1	,	97	,	455	,	464	,	96
262	,	1	,	455	,	456	,	465	,	464
263	,	1	,	456	,	457	,	466	,	465
264	,	1	,	457	,	458	,	467	,	466
265	,	1	,	458	,	459	,	468	,	467
266	,	1	,	459	,	460	,	469	,	468
267	,	1	,	460	,	461	,	470	,	469
268	,	1	,	461	,	462	,	471	,	470
269	,	1	,	462	,	463	,	472	,	471
270	,	1	,	463	,	41	,	42	,	472
271	,	1	,	96	,	464	,	473	,	95
272	,	1	,	464	,	465	,	474	,	473
273	,	1	,	465	,	466	,	475	,	474
274	,	1	,	466	,	467	,	476	,	475
275	,	1	,	467	,	468	,	477	,	476
276	,	1	,	468	,	469	,	478	,	477
277	,	1	,	469	,	470	,	479	,	478
278	,	1	,	470	,	471	,	480	,	479
279	,	1	,	471	,	472	,	481	,	480
280	,	1	,	472	,	42	,	43	,	481
281	,	1	,	95	,	473	,	482	,	94
282	,	1	,	473	,	474	,	483	,	482
283	,	1	,	474	,	475	,	484	,	483
284	,	1	,	475	,	476	,	485	,	484
285	,	1	,	476	,	477	,	486	,	485
286	,	1	,	477	,	478	,	487	,	486
287	,	1	,	478	,	479	,	488	,	487
288	,	1	,	479	,	480	,	489	,	488
289	,	1	,	480	,	481	,	490	,	489
290	,	1	,	481	,	43	,	44	,	490
291	,	1	,	94	,	482	,	491	,	93
292	,	1	,	482	,	483	,	492	,	491
293	,	1	,	483	,	484	,	493	,	492
294	,	1	,	484	,	485	,	494	,	493
295	,	1	,	485	,	486	,	495	,	494
296	,	1	,	486	,	487	,	496	,	495
297	,	1	,	487	,	488	,	497	,	496
298	,	1	,	488	,	489	,	498	,	497
299	,	1	,	489	,	490	,	499	,	498
300	,	1	,	490	,	44	,	45	,	499
301	,	1	,	93	,	491	,	500	,	92
302	,	1	,	491	,	492	,	501	,	500
303	,	1	,	492	,	493	,	502	,	501
304	,	1	,	493	,	494	,	503	,	502
305	,	1	,	494	,	495	,	504	,	503
306	,	1	,	495	,	496	,	505	,	504
307	,	1	,	496	,	497	,	506	,	505
308	,	1	,	497	,	498	,	507	,	506
309	,	1	,	498	,	499	,	508	,	507
310	,	1	,	499	,	45	,	46	,	508
311	,	1	,	92	,	500	,	509	,	91
312	,	1	,	500	,	501	,	510	,	509
313	,	1	,	501	,	502	,	511	,	510
314	,	1	,	502	,	503	,	512	,	511
315	,	1	,	503	,	504	,	513	,	512
316	,	1	,	504	,	505	,	514	,	513
317	,	1	,	505	,	506	,	515	,	514
318	,	1	,	506	,	507	,	516	,	515
319	,	1	,	507	,	508	,	517	,	516
320	,	1	,	508	,	46	,	47	,	517
321	,	1	,	91	,	509	,	518	,	90
322	,	1	,	509	,	510	,	519	,	518
323	,	1	,	510	,	511	,	520	,	519
324	,	1	,	511	,	512	,	521	,	520
325	,	1	,	512	,	513	,	522	,	521
326	,	1	,	513	,	514	,	523	,	522
327	,	1	,	514	,	515	,	524	,	523
328	,	1	,	515	,	516	,	525	,	524
329	,	1	,	516	,	517	,	526	,	525
330	,	1	,	517	,	47	,	48	,	526
331	,	1	,	90	,	518	,	527	,	89
332	,	1	,	518	,	519	,	528	,	527
333	,	1	,	519	,	520	,	529	,	528
334	,	1	,	520	,	521	,	530	,	529
335	,	1	,	521	,	522	,	531	,	530
336	,	1	,	522	,	523	,	532	,	531
337	,	1	,	523	,	524	,	533	,	532
338	,	1	,	524	,	525	,	534	,	533
339	,	1	,	525	,	526	,	535	,	534
340	,	1	,	526	,	48	,	49	,	535
341	,	1	,	89	,	527	,	536	,	88
342	,	1	,	527	,	528	,	537	,	536
343	,	1	,	528	,	529	,	538	,	537
344	,	1	,	529	,	530	,	539	,	538
345	,	1	,	530	,	531	,	540	,	539
346	,	1	,	531	,	532	,	541	,	540
347	,	1	,	532	,	533	,	542	,	541
348	,	1	,	533	,	534	,	543	,	542
349	,	1	,	534	,	535	,	544	,	543
350	,	1	,	535	,	49	,	50	,	544
351	,	1	,	88	,	536	,	545	,	87
352	,	1	,	536	,	537	,	546	,	545
353	,	1	,	537	,	538	,	547	,	546
354	,	1	,	538	,	539	,	548	,	547
355	,	1	,	539	,	540	,	549	,	548
356	,	1	,	540	,	541	,	550	,	549
357	,	1	,	541	,	542	,	551	,	550
358	,	1	,	542	,	543	,	552	,	551
359	,	1	,	543	,	544	,	553	,	552
360	,	1	,	544	,	50	,	51	,	553
361	,	1	,	87	,	545	,	554	,	86
362	,	1	,	545	,	546	,	555	,	554
363	,	1	,	546	,	547	,	556	,	555
364	,	1	,	547	,	548	,	557	,	556
365	,	1	,	548	,	549	,	558	,	557
366	,	1	,	549	,	550	,	559	,	558
367	,	1	,	550	,	551	,	560	,	559
368	,	1	,	551	,	552	,	561	,	560
369	,	1	,	552	,	553	,	562	,	561
370	,	1	,	553	,	51	,	52	,	562
371	,	1	,	86	,	554	,	563	,	85
372	,	1	,	554	,	555	,	564	,	563
373	,	1	,	555	,	556	,	565	,	564
374	,	1	,	556	,	557	,	566	,	565
375	,	1	,	557	,	558	,	567	,	566
376	,	1	,	558	,	559	,	568	,	567
377	,	1	,	559	,	560	,	569	,	568
378	,	1	,	560	,	561	,	570	,	569
379	,	1	,	561	,	562	,	571	,	570
380	,	1	,	562	,	52	,	53	,	571
381	,	1	,	85	,	563	,	572	,	84
382	,	1	,	563	,	564	,	573	,	572
383	,	1	,	564	,	565	,	574	,	573
384	,	1	,	565	,	566	,	575	,	574
385	,	1	,	566	,	567	,	576	,	575
386	,	1	,	567	,	568	,	577	,	576
387	,	1	,	568	,	569	,	578	,	577
388	,	1	,	569	,	570	,	579	,	578
389	,	1	,	570	,	571	,	580	,	579
390	,	1	,	571	,	53	,	54	,	580
391	,	1	,	84	,	572	,	581	,	83
392	,	1	,	572	,	573	,	582	,	581
393	,	1	,	573	,	574	,	583	,	582
394	,	1	,	574	,	575	,	584	,	583
395	,	1	,	575	,	576	,	585	,	584
396	,	1	,	576	,	577	,	586	,	585
397	,	1	,	577	,	578	,	587	,	586
398	,	1	,	578	,	579	,	588	,	587
399	,	1	,	579	,	580	,	589	,	588
400	,	1	,	580	,	54	,	55	,	589
401	,	1	,	83	,	581	,	590	,	82
402	,	1	,	581	,	582	,	591	,	590
403	,	1	,	582	,	583	,	592	,	591
404	,	1	,	583	,	584	,	593	,	592
405	,	1	,	584	,	585	,	594	,	593
406	,	1	,	585	,	586	,	595	,	594
407	,	1	,	586	,	587	,	596	,	595
408	,	1	,	587	,	588	,	597	,	596
409	,	1	,	588	,	589	,	598	,	597
410	,	1	,	589	,	55	,	56	,	598
411	,	1	,	82	,	590	,	599	,	81
412	,	1	,	590	,	591	,	600	,	599
413	,	1	,	591	,	592	,	601	,	600
414	,	1	,	592	,	593	,	602	,	601
415	,	1	,	593	,	594	,	603	,	602
416	,	1	,	594	,	595	,	604	,	603
417	,	1	,	595	,	596	,	605	,	604
418	,	1	,	596	,	597	,	606	,	605
419	,	1	,	597	,	598	,	607	,	606
420	,	1	,	598	,	56	,	57	,	607
421	,	1	,	81	,	599	,	608	,	80
422	,	1	,	599	,	600	,	609	,	608
423	,	1	,	600	,	601	,	610	,	609
424	,	1	,	601	,	602	,	611	,	610
425	,	1	,	602	,	603	,	612	,	611
426	,	1	,	603	,	604	,	613	,	612
427	,	1	,	604	,	605	,	614	,	613
428	,	1	,	605	,	606	,	615	,	614
429	,	1	,	606	,	607	,	616	,	615
430	,	1	,	607	,	57	,	58	,	616
431	,	1	,	80	,	608	,	617	,	79
432	,	1	,	608	,	609	,	618	,	617
433	,	1	,	609	,	610	,	619	,	618
434	,	1	,	610	,	611	,	620	,	619
435	,	1	,	611	,	612	,	621	,	620
436	,	1	,	612	,	613	,	622	,	621
437	,	1	,	613	,	614	,	623	,	622
438	,	1	,	614	,	615	,	624	,	623
439	,	1	,	615	,	616	,	625	,	624
440	,	1	,	616	,	58	,	59	,	625
441	,	1	,	79	,	617	,	626	,	78
442	,	1	,	617	,	618	,	627	,	626
443	,	1	,	618	,	619	,	628	,	627
444	,	1	,	619	,	620	,	629	,	628
445	,	1	,	620	,	621	,	630	,	629
446	,	1	,	621	,	622	,	631	,	630
447	,	1	,	622	,	623	,	632	,	631
448	,	1	,	623	,	624	,	633	,	632
449	,	1	,	624	,	625	,	634	,	633
450	,	1	,	625	,	59	,	60	,	634
451	,	1	,	78	,	626	,	635	,	77
452	,	1	,	626	,	627	,	636	,	635
453	,	1	,	627	,	628	,	637	,	636
454	,	1	,	628	,	629	,	638	,	637
455	,	1	,	629	,	630	,	639	,	638
456	,	1	,	630	,	631	,	640	,	639
457	,	1	,	631	,	632	,	641	,	640
458	,	1	,	632	,	633	,	642	,	641
459	,	1	,	633	,	634	,	643	,	642
460	,	1	,	634	,	60	,	61	,	643
461	,	1	,	77	,	635	,	644	,	76
462	,	1	,	635	,	636	,	645	,	644
463	,	1	,	636	,	637	,	646	,	645
464	,	1	,	637	,	638	,	647	,	646
465	,	1	,	638	,	639	,	648	,	647
466	,	1	,	639	,	640	,	649	,	648
467	,	1	,	640	,	641	,	650	,	649
468	,	1	,	641	,	642	,	651	,	650
469	,	1	,	642	,	643	,	652	,	651
470	,	1	,	643	,	61	,	62	,	652
471	,	1	,	76	,	644	,	653	,	75
472	,	1	,	644	,	645	,	654	,	653
473	,	1	,	645	,	646	,	655	,	654
474	,	1	,	646	,	647	,	656	,	655
475	,	1	,	647	,	648	,	657	,	656
476	,	1	,	648	,	649	,	658	,	657
477	,	1	,	649	,	650	,	659	,	658
478	,	1	,	650	,	651	,	660	,	659
479	,	1	,	651	,	652	,	661	,	660
480	,	1	,	652	,	62	,	63	,	661
481	,	1	,	75	,	653	,	662	,	74
482	,	1	,	653	,	654	,	663	,	662
483	,	1	,	654	,	655	,	664	,	663
484	,	1	,	655	,	656	,	665	,	664
485	,	1	,	656	,	657	,	666	,	665
486	,	1	,	657	,	658	,	667	,	666
487	,	1	,	658	,	659	,	668	,	667
488	,	1	,	659	,	660	,	669	,	668
489	,	1	,	660	,	661	,	670	,	669
490	,	1	,	661	,	63	,	64	,	670
491	,	1	,	74	,	662	,	73	,	4
492	,	1	,	662	,	663	,	72	,	73
493	,	1	,	663	,	664	,	71	,	72
494	,	1	,	664	,	665	,	70	,	71
495	,	1	,	665	,	666	,	69	,	70
496	,	1	,	666	,	667	,	68	,	69
497	,	1	,	667	,	668	,	67	,	68
498	,	1	,	668	,	669	,	66	,	67
499	,	1	,	669	,	670	,	65	,	66
500	,	1	,	670	,	64	,	3	,	65
501	,	1	,	2	,	15	,	671	,	229
502	,	1	,	15	,	14	,	672	,	671
503	,	1	,	14	,	13	,	673	,	672
504	,	1	,	13	,	12	,	674	,	673
505	,	1	,	12	,	11	,	675	,	674
506	,	1	,	11	,	10	,	676	,	675
507	,	1	,	10	,	9	,	677	,	676
508	,	1	,	9	,	8	,	678	,	677
509	,	1	,	8	,	7	,	679	,	678
510	,	1	,	7	,	1	,	123	,	679
511	,	1	,	229	,	671	,	680	,	228
512	,	1	,	671	,	672	,	681	,	680
513	,	1	,	672	,	673	,	682	,	681
514	,	1	,	673	,	674	,	683	,	682
515	,	1	,	674	,	675	,	684	,	683
516	,	1	,	675	,	676	,	685	,	684
517	,	1	,	676	,	677	,	686	,	685
518	,	1	,	677	,	678	,	687	,	686
519	,	1	,	678	,	679	,	688	,	687
520	,	1	,	679	,	123	,	124	,	688
521	,	1	,	228	,	680	,	689	,	227
522	,	1	,	680	,	681	,	690	,	689
523	,	1	,	681	,	682	,	691	,	690
524	,	1	,	682	,	683	,	692	,	691
525	,	1	,	683	,	684	,	693	,	692
526	,	1	,	684	,	685	,	694	,	693
527	,	1	,	685	,	686	,	695	,	694
528	,	1	,	686	,	687	,	696	,	695
529	,	1	,	687	,	688	,	697	,	696
530	,	1	,	688	,	124	,	125	,	697
531	,	1	,	227	,	689	,	698	,	226
532	,	1	,	689	,	690	,	699	,	698
533	,	1	,	690	,	691	,	700	,	699
534	,	1	,	691	,	692	,	701	,	700
535	,	1	,	692	,	693	,	702	,	701
536	,	1	,	693	,	694	,	703	,	702
537	,	1	,	694	,	695	,	704	,	703
538	,	1	,	695	,	696	,	705	,	704
539	,	1	,	696	,	697	,	706	,	705
540	,	1	,	697	,	125	,	126	,	706
541	,	1	,	226	,	698	,	707	,	225
542	,	1	,	698	,	699	,	708	,	707
543	,	1	,	699	,	700	,	709	,	708
544	,	1	,	700	,	701	,	710	,	709
545	,	1	,	701	,	702	,	711	,	710
546	,	1	,	702	,	703	,	712	,	711
547	,	1	,	703	,	704	,	713	,	712
548	,	1	,	704	,	705	,	714	,	713
549	,	1	,	705	,	706	,	715	,	714
550	,	1	,	706	,	126	,	127	,	715
551	,	1	,	225	,	707	,	716	,	224
552	,	1	,	707	,	708	,	717	,	716
553	,	1	,	708	,	709	,	718	,	717
554	,	1	,	709	,	710	,	719	,	718
555	,	1	,	710	,	711	,	720	,	719
556	,	1	,	711	,	712	,	721	,	720
557	,	1	,	712	,	713	,	722	,	721
558	,	1	,	713	,	714	,	723	,	722
559	,	1	,	714	,	715	,	724	,	723
560	,	1	,	715	,	127	,	128	,	724
561	,	1	,	224	,	716	,	725	,	223
562	,	1	,	716	,	717	,	726	,	725
563	,	1	,	717	,	718	,	727	,	726
564	,	1	,	718	,	719	,	728	,	727
565	,	1	,	719	,	720	,	729	,	728
566	,	1	,	720	,	721	,	730	,	729
567	,	1	,	721	,	722	,	731	,	730
568	,	1	,	722	,	723	,	732	,	731
569	,	1	,	723	,	724	,	733	,	732
570	,	1	,	724	,	128	,	129	,	733
571	,	1	,	223	,	725	,	734	,	222
572	,	1	,	725	,	726	,	735	,	734
573	,	1	,	726	,	727	,	736	,	735
574	,	1	,	727	,	728	,	737	,	736
575	,	1	,	728	,	729	,	738	,	737
576	,	1	,	729	,	730	,	739	,	738
577	,	1	,	730	,	731	,	740	,	739
578	,	1	,	731	,	732	,	741	,	740
579	,	1	,	732	,	733	,	742	,	741
580	,	1	,	733	,	129	,	130	,	742
581	,	1	,	222	,	734	,	743	,	221
582	,	1	,	734	,	735	,	744	,	743
583	,	1	,	735	,	736	,	745	,	744
584	,	1	,	736	,	737	,	746	,	745
585	,	1	,	737	,	738	,	747	,	746
586	,	1	,	738	,	739	,	748	,	747
587	,	1	,	739	,	740	,	749	,	748
588	,	1	,	740	,	741	,	750	,	749
589	,	1	,	741	,	742	,	751	,	750
590	,	1	,	742	,	130	,	131	,	751
591	,	1	,	221	,	743	,	752	,	220
592	,	1	,	743	,	744	,	753	,	752
593	,	1	,	744	,	745	,	754	,	753
594	,	1	,	745	,	746	,	755	,	754
595	,	1	,	746	,	747	,	756	,	755
596	,	1	,	747	,	748	,	757	,	756
597	,	1	,	748	,	749	,	758	,	757
598	,	1	,	749	,	750	,	759	,	758
599	,	1	,	750	,	751	,	760	,	759
600	,	1	,	751	,	131	,	132	,	760
601	,	1	,	220	,	752	,	761	,	219
602	,	1	,	752	,	753	,	762	,	761
603	,	1	,	753	,	754	,	763	,	762
604	,	1	,	754	,	755	,	764	,	763
605	,	1	,	755	,	756	,	765	,	764
606	,	1	,	756	,	757	,	766	,	765
607	,	1	,	757	,	758	,	767	,	766
608	,	1	,	758	,	759	,	768	,	767
609	,	1	,	759	,	760	,	769	,	768
610	,	1	,	760	,	132	,	133	,	769
611	,	1	,	219	,	761	,	770	,	218
612	,	1	,	761	,	762	,	771	,	770
613	,	1	,	762	,	763	,	772	,	771
614	,	1	,	763	,	764	,	773	,	772
615	,	1	,	764	,	765	,	774	,	773
616	,	1	,	765	,	766	,	775	,	774
617	,	1	,	766	,	767	,	776	,	775
618	,	1	,	767	,	768	,	777	,	776
619	,	1	,	768	,	769	,	778	,	777
620	,	1	,	769	,	133	,	134	,	778
621	,	1	,	218	,	770	,	779	,	217
622	,	1	,	770	,	771	,	780	,	779
623	,	1	,	771	,	772	,	781	,	780
624	,	1	,	772	,	773	,	782	,	781
625	,	1	,	773	,	774	,	783	,	782
626	,	1	,	774	,	775	,	784	,	783
627	,	1	,	775	,	776	,	785	,	784
628	,	1	,	776	,	777	,	786	,	785
629	,	1	,	777	,	778	,	787	,	786
630	,	1	,	778	,	134	,	135	,	787
631	,	1	,	217	,	779	,	788	,	216
632	,	1	,	779	,	780	,	789	,	788
633	,	1	,	780	,	781	,	790	,	789
634	,	1	,	781	,	782	,	791	,	790
635	,	1	,	782	,	783	,	792	,	791
636	,	1	,	783	,	784	,	793	,	792
637	,	1	,	784	,	785	,	794	,	793
638	,	1	,	785	,	786	,	795	,	794
639	,	1	,	786	,	787	,	796	,	795
640	,	1	,	787	,	135	,	136	,	796
641	,	1	,	216	,	788	,	797	,	215
642	,	1	,	788	,	789	,	798	,	797
643	,	1	,	789	,	790	,	799	,	798
644	,	1	,	790	,	791	,	800	,	799
645	,	1	,	791	,	792	,	801	,	800
646	,	1	,	792	,	793	,	802	,	801
647	,	1	,	793	,	794	,	803	,	802
648	,	1	,	794	,	795	,	804	,	803
649	,	1	,	795	,	796	,	805	,	804
650	,	1	,	796	,	136	,	137	,	805
651	,	1	,	215	,	797	,	806	,	214
652	,	1	,	797	,	798	,	807	,	806
653	,	1	,	798	,	799	,	808	,	807
654	,	1	,	799	,	800	,	809	,	808
655	,	1	,	800	,	801	,	810	,	809
656	,	1	,	801	,	802	,	811	,	810
657	,	1	,	802	,	803	,	812	,	811
658	,	1	,	803	,	804	,	813	,	812
659	,	1	,	804	,	805	,	814	,	813
660	,	1	,	805	,	137	,	138	,	814
661	,	1	,	214	,	806	,	815	,	213
662	,	1	,	806	,	807	,	816	,	815
663	,	1	,	807	,	808	,	817	,	816
664	,	1	,	808	,	809	,	818	,	817
665	,	1	,	809	,	810	,	819	,	818
666	,	1	,	810	,	811	,	820	,	819
667	,	1	,	811	,	812	,	821	,	820
668	,	1	,	812	,	813	,	822	,	821
669	,	1	,	813	,	814	,	823	,	822
670	,	1	,	814	,	138	,	139	,	823
671	,	1	,	213	,	815	,	824	,	212
672	,	1	,	815	,	816	,	825	,	824
673	,	1	,	816	,	817	,	826	,	825
674	,	1	,	817	,	818	,	827	,	826
675	,	1	,	818	,	819	,	828	,	827
676	,	1	,	819	,	820	,	829	,	828
677	,	1	,	820	,	821	,	830	,	829
678	,	1	,	821	,	822	,	831	,	830
679	,	1	,	822	,	823	,	832	,	831
680	,	1	,	823	,	139	,	140	,	832
681	,	1	,	212	,	824	,	833	,	211
682	,	1	,	824	,	825	,	834	,	833
683	,	1	,	825	,	826	,	835	,	834
684	,	1	,	826	,	827	,	836	,	835
685	,	1	,	827	,	828	,	837	,	836
686	,	1	,	828	,	829	,	838	,	837
687	,	1	,	829	,	830	,	839	,	838
688	,	1	,	830	,	831	,	840	,	839
689	,	1	,	831	,	832	,	841	,	840
690	,	1	,	832	,	140	,	141	,	841
691	,	1	,	211	,	833	,	842	,	210
692	,	1	,	833	,	834	,	843	,	842
693	,	1	,	834	,	835	,	844	,	843
694	,	1	,	835	,	836	,	845	,	844
695	,	1	,	836	,	837	,	846	,	845
696	,	1	,	837	,	838	,	847	,	846
697	,	1	,	838	,	839	,	848	,	847
698	,	1	,	839	,	840	,	849	,	848
699	,	1	,	840	,	841	,	850	,	849
700	,	1	,	841	,	141	,	142	,	850
701	,	1	,	210	,	842	,	851	,	209
702	,	1	,	842	,	843	,	852	,	851
703	,	1	,	843	,	844	,	853	,	852
704	,	1	,	844	,	845	,	854	,	853
705	,	1	,	845	,	846	,	855	,	854
706	,	1	,	846	,	847	,	856	,	855
707	,	1	,	847	,	848	,	857	,	856
708	,	1	,	848	,	849	,	858	,	857
709	,	1	,	849	,	850	,	859	,	858
710	,	1	,	850	,	142	,	143	,	859
711	,	1	,	209	,	851	,	860	,	208
712	,	1	,	851	,	852	,	861	,	860
713	,	1	,	852	,	853	,	862	,	861
714	,	1	,	853	,	854	,	863	,	862
715	,	1	,	854	,	855	,	864	,	863
716	,	1	,	855	,	856	,	865	,	864
717	,	1	,	856	,	857	,	866	,	865
718	,	1	,	857	,	858	,	867	,	866
719	,	1	,	858	,	859	,	868	,	867
720	,	1	,	859	,	143	,	144	,	868
721	,	1	,	208	,	860	,	869	,	207
722	,	1	,	860	,	861	,	870	,	869
723	,	1	,	861	,	862	,	871	,	870
724	,	1	,	862	,	863	,	872	,	871
725	,	1	,	863	,	864	,	873	,	872
726	,	1	,	864	,	865	,	874	,	873
727	,	1	,	865	,	866	,	875	,	874
728	,	1	,	866	,	867	,	876	,	875
729	,	1	,	867	,	868	,	877	,	876
730	,	1	,	868	,	144	,	145	,	877
731	,	1	,	207	,	869	,	878	,	206
732	,	1	,	869	,	870	,	879	,	878
733	,	1	,	870	,	871	,	880	,	879
734	,	1	,	871	,	872	,	881	,	880
735	,	1	,	872	,	873	,	882	,	881
736	,	1	,	873	,	874	,	883	,	882
737	,	1	,	874	,	875	,	884	,	883
738	,	1	,	875	,	876	,	885	,	884
739	,	1	,	876	,	877	,	886	,	885
740	,	1	,	877	,	145	,	146	,	886
741	,	1	,	206	,	878	,	887	,	205
742	,	1	,	878	,	879	,	888	,	887
743	,	1	,	879	,	880	,	889	,	888
744	,	1	,	880	,	881	,	890	,	889
745	,	1	,	881	,	882	,	891	,	890
746	,	1	,	882	,	883	,	892	,	891
747	,	1	,	883	,	884	,	893	,	892
748	,	1	,	884	,	885	,	894	,	893
749	,	1	,	885	,	886	,	895	,	894
750	,	1	,	886	,	146	,	147	,	895
751	,	1	,	205	,	887	,	896	,	204
752	,	1	,	887	,	888	,	897	,	896
753	,	1	,	888	,	889	,	898	,	897
754	,	1	,	889	,	890	,	899	,	898
755	,	1	,	890	,	891	,	900	,	899
756	,	1	,	891	,	892	,	901	,	900
757	,	1	,	892	,	893	,	902	,	901
758	,	1	,	893	,	894	,	903	,	902
759	,	1	,	894	,	895	,	904	,	903
760	,	1	,	895	,	147	,	148	,	904
761	,	1	,	204	,	896	,	905	,	203
762	,	1	,	896	,	897	,	906	,	905
763	,	1	,	897	,	898	,	907	,	906
764	,	1	,	898	,	899	,	908	,	907
765	,	1	,	899	,	900	,	909	,	908
766	,	1	,	900	,	901	,	910	,	909
767	,	1	,	901	,	902	,	911	,	910
768	,	1	,	902	,	903	,	912	,	911
769	,	1	,	903	,	904	,	913	,	912
770	,	1	,	904	,	148	,	149	,	913
771	,	1	,	203	,	905	,	914	,	202
772	,	1	,	905	,	906	,	915	,	914
773	,	1	,	906	,	907	,	916	,	915
774	,	1	,	907	,	908	,	917	,	916
775	,	1	,	908	,	909	,	918	,	917
776	,	1	,	909	,	910	,	919	,	918
777	,	1	,	910	,	911	,	920	,	919
778	,	1	,	911	,	912	,	921	,	920
779	,	1	,	912	,	913	,	922	,	921
780	,	1	,	913	,	149	,	150	,	922
781	,	1	,	202	,	914	,	923	,	201
782	,	1	,	914	,	915	,	924	,	923
783	,	1	,	915	,	916	,	925	,	924
784	,	1	,	916	,	917	,	926	,	925
785	,	1	,	917	,	918	,	927	,	926
786	,	1	,	918	,	919	,	928	,	927
787	,	1	,	919	,	920	,	929	,	928
788	,	1	,	920	,	921	,	930	,	929
789	,	1	,	921	,	922	,	931	,	930
790	,	1	,	922	,	150	,	151	,	931
791	,	1	,	201	,	923	,	932	,	200
792	,	1	,	923	,	924	,	933	,	932
793	,	1	,	924	,	925	,	934	,	933
794	,	1	,	925	,	926	,	935	,	934
795	,	1	,	926	,	927	,	936	,	935
796	,	1	,	927	,	928	,	937	,	936
797	,	1	,	928	,	929	,	938	,	937
798	,	1	,	929	,	930	,	939	,	938
799	,	1	,	930	,	931	,	940	,	939
800	,	1	,	931	,	151	,	152	,	940
801	,	1	,	200	,	932	,	941	,	199
802	,	1	,	932	,	933	,	942	,	941
803	,	1	,	933	,	934	,	943	,	942
804	,	1	,	934	,	935	,	944	,	943
805	,	1	,	935	,	936	,	945	,	944
806	,	1	,	936	,	937	,	946	,	945
807	,	1	,	937	,	938	,	947	,	946
808	,	1	,	938	,	939	,	948	,	947
809	,	1	,	939	,	940	,	949	,	948
810	,	1	,	940	,	152	,	153	,	949
811	,	1	,	199	,	941	,	950	,	198
812	,	1	,	941	,	942	,	951	,	950
813	,	1	,	942	,	943	,	952	,	951
814	,	1	,	943	,	944	,	953	,	952
815	,	1	,	944	,	945	,	954	,	953
816	,	1	,	945	,	946	,	955	,	954
817	,	1	,	946	,	947	,	956	,	955
818	,	1	,	947	,	948	,	957	,	956
819	,	1	,	948	,	949	,	958	,	957
820	,	1	,	949	,	153	,	154	,	958
821	,	1	,	198	,	950	,	959	,	197
822	,	1	,	950	,	951	,	960	,	959
823	,	1	,	951	,	952	,	961	,	960
824	,	1	,	952	,	953	,	962	,	961
825	,	1	,	953	,	954	,	963	,	962
826	,	1	,	954	,	955	,	964	,	963
827	,	1	,	955	,	956	,	965	,	964
828	,	1	,	956	,	957	,	966	,	965
829	,	1	,	957	,	958	,	967	,	966
830	,	1	,	958	,	154	,	155	,	967
831	,	1	,	197	,	959	,	968	,	196
832	,	1	,	959	,	960	,	969	,	968
833	,	1	,	960	,	961	,	970	,	969
834	,	1	,	961	,	962	,	971	,	970
835	,	1	,	962	,	963	,	972	,	971
836	,	1	,	963	,	964	,	973	,	972
837	,	1	,	964	,	965	,	974	,	973
838	,	1	,	965	,	966	,	975	,	974
839	,	1	,	966	,	967	,	976	,	975
840	,	1	,	967	,	155	,	156	,	976
841	,	1	,	196	,	968	,	977	,	195
842	,	1	,	968	,	969	,	978	,	977
843	,	1	,	969	,	970	,	979	,	978
844	,	1	,	970	,	971	,	980	,	979
845	,	1	,	971	,	972	,	981	,	980
846	,	1	,	972	,	973	,	982	,	981
847	,	1	,	973	,	974	,	983	,	982
848	,	1	,	974	,	975	,	984	,	983
849	,	1	,	975	,	976	,	985	,	984
850	,	1	,	976	,	156	,	157	,	985
851	,	1	,	195	,	977	,	986	,	194
852	,	1	,	977	,	978	,	987	,	986
853	,	1	,	978	,	979	,	988	,	987
854	,	1	,	979	,	980	,	989	,	988
855	,	1	,	980	,	981	,	990	,	989
856	,	1	,	981	,	982	,	991	,	990
857	,	1	,	982	,	983	,	992	,	991
858	,	1	,	983	,	984	,	993	,	992
859	,	1	,	984	,	985	,	994	,	993
860	,	1	,	985	,	157	,	158	,	994
861	,	1	,	194	,	986	,	995	,	193
862	,	1	,	986	,	987	,	996	,	995
863	,	1	,	987	,	988	,	997	,	996
864	,	1	,	988	,	989	,	998	,	997
865	,	1	,	989	,	990	,	999	,	998
866	,	1	,	990	,	991	,	1000	,	999
867	,	1	,	991	,	992	,	1001	,	1000
868	,	1	,	992	,	993	,	1002	,	1001
869	,	1	,	993	,	994	,	1003	,	1002
870	,	1	,	994	,	158	,	159	,	1003
871	,	1	,	193	,	995	,	1004	,	192
872	,	1	,	995	,	996	,	1005	,	1004
873	,	1	,	996	,	997	,	1006	,	1005
874	,	1	,	997	,	998	,	1007	,	1006
875	,	1	,	998	,	999	,	1008	,	1007
876	,	1	,	999	,	1000	,	1009	,	1008
877	,	1	,	1000	,	1001	,	1010	,	1009
878	,	1	,	1001	,	1002	,	1011	,	1010
879	,	1	,	1002	,	1003	,	1012	,	1011
880	,	1	,	1003	,	159	,	160	,	1012
881	,	1	,	192	,	1004	,	1013	,	191
882	,	1	,	1004	,	1005	,	1014	,	1013
883	,	1	,	1005	,	1006	,	1015	,	1014
884	,	1	,	1006	,	1007	,	1016	,	1015
885	,	1	,	1007	,	1008	,	1017	,	1016
886	,	1	,	1008	,	1009	,	1018	,	1017
887	,	1	,	1009	,	1010	,	1019	,	1018
888	,	1	,	1010	,	1011	,	1020	,	1019
889	,	1	,	1011	,	1012	,	1021	,	1020
890	,	1	,	1012	,	160	,	161	,	1021
891	,	1	,	191	,	1013	,	1022	,	190
892	,	1	,	1013	,	1014	,	1023	,	1022
893	,	1	,	1014	,	1015	,	1024	,	1023
894	,	1	,	1015	,	1016	,	1025	,	1024
895	,	1	,	1016	,	1017	,	1026	,	1025
896	,	1	,	1017	,	1018	,	1027	,	1026
897	,	1	,	1018	,	1019	,	1028	,	1027
898	,	1	,	1019	,	1020	,	1029	,	1028
899	,	1	,	1020	,	1021	,	1030	,	1029
900	,	1	,	1021	,	161	,	162	,	1030
901	,	1	,	190	,	1022	,	1031	,	189
902	,	1	,	1022	,	1023	,	1032	,	1031
903	,	1	,	1023	,	1024	,	1033	,	1032
904	,	1	,	1024	,	1025	,	1034	,	1033
905	,	1	,	1025	,	1026	,	1035	,	1034
906	,	1	,	1026	,	1027	,	1036	,	1035
907	,	1	,	1027	,	1028	,	1037	,	1036
908	,	1	,	1028	,	1029	,	1038	,	1037
909	,	1	,	1029	,	1030	,	1039	,	1038
910	,	1	,	1030	,	162	,	163	,	1039
911	,	1	,	189	,	1031	,	1040	,	188
912	,	1	,	1031	,	1032	,	1041	,	1040
913	,	1	,	1032	,	1033	,	1042	,	1041
914	,	1	,	1033	,	1034	,	1043	,	1042
915	,	1	,	1034	,	1035	,	1044	,	1043
916	,	1	,	1035	,	1036	,	1045	,	1044
917	,	1	,	1036	,	1037	,	1046	,	1045
918	,	1	,	1037	,	1038	,	1047	,	1046
919	,	1	,	1038	,	1039	,	1048	,	1047
920	,	1	,	1039	,	163	,	164	,	1048
921	,	1	,	188	,	1040	,	1049	,	187
922	,	1	,	1040	,	1041	,	1050	,	1049
923	,	1	,	1041	,	1042	,	1051	,	1050
924	,	1	,	1042	,	1043	,	1052	,	1051
925	,	1	,	1043	,	1044	,	1053	,	1052
926	,	1	,	1044	,	1045	,	1054	,	1053
927	,	1	,	1045	,	1046	,	1055	,	1054
928	,	1	,	1046	,	1047	,	1056	,	1055
929	,	1	,	1047	,	1048	,	1057	,	1056
930	,	1	,	1048	,	164	,	165	,	1057
931	,	1	,	187	,	1049	,	1058	,	186
932	,	1	,	1049	,	1050	,	1059	,	1058
933	,	1	,	1050	,	1051	,	1060	,	1059
934	,	1	,	1051	,	1052	,	1061	,	1060
935	,	1	,	1052	,	1053	,	1062	,	1061
936	,	1	,	1053	,	1054	,	1063	,	1062
937	,	1	,	1054	,	1055	,	1064	,	1063
938	,	1	,	1055	,	1056	,	1065	,	1064
939	,	1	,	1056	,	1057	,	1066	,	1065
940	,	1	,	1057	,	165	,	166	,	1066
941	,	1	,	186	,	1058	,	1067	,	185
942	,	1	,	1058	,	1059	,	1068	,	1067
943	,	1	,	1059	,	1060	,	1069	,	1068
944	,	1	,	1060	,	1061	,	1070	,	1069
945	,	1	,	1061	,	1062	,	1071	,	1070
946	,	1	,	1062	,	1063	,	1072	,	1071
947	,	1	,	1063	,	1064	,	1073	,	1072
948	,	1	,	1064	,	1065	,	1074	,	1073
949	,	1	,	1065	,	1066	,	1075	,	1074
950	,	1	,	1066	,	166	,	167	,	1075
951	,	1	,	185	,	1067	,	1076	,	184
952	,	1	,	1067	,	1068	,	1077	,	1076
953	,	1	,	1068	,	1069	,	1078	,	1077
954	,	1	,	1069	,	1070	,	1079	,	1078
955	,	1	,	1070	,	1071	,	1080	,	1079
956	,	1	,	1071	,	1072	,	1081	,	1080
957	,	1	,	1072	,	1073	,	1082	,	1081
958	,	1	,	1073	,	1074	,	1083	,	1082
959	,	1	,	1074	,	1075	,	1084	,	1083
960	,	1	,	1075	,	167	,	168	,	1084
961	,	1	,	184	,	1076	,	1085	,	183
962	,	1	,	1076	,	1077	,	1086	,	1085
963	,	1	,	1077	,	1078	,	1087	,	1086
964	,	1	,	1078	,	1079	,	1088	,	1087
965	,	1	,	1079	,	1080	,	1089	,	1088
966	,	1	,	1080	,	1081	,	1090	,	1089
967	,	1	,	1081	,	1082	,	1091	,	1090
968	,	1	,	1082	,	1083	,	1092	,	1091
969	,	1	,	1083	,	1084	,	1093	,	1092
970	,	1	,	1084	,	168	,	169	,	1093
971	,	1	,	183	,	1085	,	1094	,	182
972	,	1	,	1085	,	1086	,	1095	,	1094
973	,	1	,	1086	,	1087	,	1096	,	1095
974	,	1	,	1087	,	1088	,	1097	,	1096
975	,	1	,	1088	,	1089	,	1098	,	1097
976	,	1	,	1089	,	1090	,	1099	,	1098
977	,	1	,	1090	,	1091	,	1100	,	1099
978	,	1	,	1091	,	1092	,	1101	,	1100
979	,	1	,	1092	,	1093	,	1102	,	1101
980	,	1	,	1093	,	169	,	170	,	1102
981	,	1	,	182	,	1094	,	1103	,	181
982	,	1	,	1094	,	1095	,	1104	,	1103
983	,	1	,	1095	,	1096	,	1105	,	1104
984	,	1	,	1096	,	1097	,	1106	,	1105
985	,	1	,	1097	,	1098	,	1107	,	1106
986	,	1	,	1098	,	1099	,	1108	,	1107
987	,	1	,	1099	,	1100	,	1109	,	1108
988	,	1	,	1100	,	1101	,	1110	,	1109
989	,	1	,	1101	,	1102	,	1111	,	1110
990	,	1	,	1102	,	170	,	171	,	1111
991	,	1	,	181	,	1103	,	180	,	6
992	,	1	,	1103	,	1104	,	179	,	180
993	,	1	,	1104	,	1105	,	178	,	179
994	,	1	,	1105	,	1106	,	177	,	178
995	,	1	,	1106	,	1107	,	176	,	177
996	,	1	,	1107	,	1108	,	175	,	176
997	,	1	,	1108	,	1109	,	174	,	175
998	,	1	,	1109	,	1110	,	173	,	174
999	,	1	,	1110	,	1111	,	172	,	173
1000	,	1	,	1111	,	171	,	5	,	172