*Node
1		,		.0200002		,		0.0	,	0
2		,		.0199995		,		.0040000	,	0
3		,		0.0		,		.0040000	,	0
4		,		0.0		,		0.0	,	0
5		,		.0750000		,		0.0	,	0
6		,		.0750000		,		.0040000	,	0
7		,		.0200002		,		.4000-03	,	0
8		,		.0200001		,		.8000-03	,	0
9		,		.0200000		,		.0012000	,	0
10		,		.0199999		,		.0016000	,	0
11		,		.0199999		,		.0020000	,	0
12		,		.0199998		,		.0024000	,	0
13		,		.0199997		,		.0028000	,	0
14		,		.0199996		,		.0032000	,	0
15		,		.0199996		,		.0036000	,	0
16		,		.0195995		,		.0040000	,	0
17		,		.0191995		,		.0040000	,	0
18		,		.0187995		,		.0040000	,	0
19		,		.0183995		,		.0040000	,	0
20		,		.0179996		,		.0040000	,	0
21		,		.0175996		,		.0040000	,	0
22		,		.0171996		,		.0040000	,	0
23		,		.0167996		,		.0040000	,	0
24		,		.0163996		,		.0040000	,	0
25		,		.0159996		,		.0040000	,	0
26		,		.0155996		,		.0040000	,	0
27		,		.0151996		,		.0040000	,	0
28		,		.0147996		,		.0040000	,	0
29		,		.0143996		,		.0040000	,	0
30		,		.0139997		,		.0040000	,	0
31		,		.0135997		,		.0040000	,	0
32		,		.0131997		,		.0040000	,	0
33		,		.0127997		,		.0040000	,	0
34		,		.0123997		,		.0040000	,	0
35		,		.0119997		,		.0040000	,	0
36		,		.0115997		,		.0040000	,	0
37		,		.0111997		,		.0040000	,	0
38		,		.0107997		,		.0040000	,	0
39		,		.0103997		,		.0040000	,	0
40		,		.0099998		,		.0040000	,	0
41		,		.0095998		,		.0040000	,	0
42		,		.0091998		,		.0040000	,	0
43		,		.0087998		,		.0040000	,	0
44		,		.0083998		,		.0040000	,	0
45		,		.0079998		,		.0040000	,	0
46		,		.0075998		,		.0040000	,	0
47		,		.0071998		,		.0040000	,	0
48		,		.0067998		,		.0040000	,	0
49		,		.0063998		,		.0040000	,	0
50		,		.0059999		,		.0040000	,	0
51		,		.0055999		,		.0040000	,	0
52		,		.0051999		,		.0040000	,	0
53		,		.0047999		,		.0040000	,	0
54		,		.0043999		,		.0040000	,	0
55		,		.0039999		,		.0040000	,	0
56		,		.0035999		,		.0040000	,	0
57		,		.0031999		,		.0040000	,	0
58		,		.0027999		,		.0040000	,	0
59		,		.0023999		,		.0040000	,	0
60		,		.0020000		,		.0040000	,	0
61		,		.0016000		,		.0040000	,	0
62		,		.0012000		,		.0040000	,	0
63		,		.8000-03		,		.0040000	,	0
64		,		.4000-03		,		.0040000	,	0
65		,		0.0		,		.0036000	,	0
66		,		0.0		,		.0032000	,	0
67		,		0.0		,		.0028000	,	0
68		,		0.0		,		.0024000	,	0
69		,		0.0		,		.0020000	,	0
70		,		0.0		,		.0016000	,	0
71		,		0.0		,		.0012000	,	0
72		,		0.0		,		.8000-03	,	0
73		,		0.0		,		.4000-03	,	0
74		,		.4000-03		,		0.0	,	0
75		,		.8000-03		,		0.0	,	0
76		,		.0012000		,		0.0	,	0
77		,		.0016000		,		0.0	,	0
78		,		.0020000		,		0.0	,	0
79		,		.0024000		,		0.0	,	0
80		,		.0028000		,		0.0	,	0
81		,		.0032000		,		0.0	,	0
82		,		.0036000		,		0.0	,	0
83		,		.0040001		,		0.0	,	0
84		,		.0044001		,		0.0	,	0
85		,		.0048001		,		0.0	,	0
86		,		.0052001		,		0.0	,	0
87		,		.0056001		,		0.0	,	0
88		,		.0060001		,		0.0	,	0
89		,		.0064001		,		0.0	,	0
90		,		.0068001		,		0.0	,	0
91		,		.0072001		,		0.0	,	0
92		,		.0076001		,		0.0	,	0
93		,		.0080001		,		0.0	,	0
94		,		.0084001		,		0.0	,	0
95		,		.0088001		,		0.0	,	0
96		,		.0092001		,		0.0	,	0
97		,		.0096001		,		0.0	,	0
98		,		.0100001		,		0.0	,	0
99		,		.0104001		,		0.0	,	0
100		,		.0108001		,		0.0	,	0
101		,		.0112001		,		0.0	,	0
102		,		.0116001		,		0.0	,	0
103		,		.0120002		,		0.0	,	0
104		,		.0124002		,		0.0	,	0
105		,		.0128002		,		0.0	,	0
106		,		.0132002		,		0.0	,	0
107		,		.0136002		,		0.0	,	0
108		,		.0140002		,		0.0	,	0
109		,		.0144002		,		0.0	,	0
110		,		.0148002		,		0.0	,	0
111		,		.0152002		,		0.0	,	0
112		,		.0156002		,		0.0	,	0
113		,		.0160002		,		0.0	,	0
114		,		.0164002		,		0.0	,	0
115		,		.0168002		,		0.0	,	0
116		,		.0172002		,		0.0	,	0
117		,		.0176002		,		0.0	,	0
118		,		.0180002		,		0.0	,	0
119		,		.0184002		,		0.0	,	0
120		,		.0188002		,		0.0	,	0
121		,		.0192002		,		0.0	,	0
122		,		.0196002		,		0.0	,	0
123		,		.0204410		,		0.0	,	0
124		,		.0208964		,		0.0	,	0
125		,		.0213671		,		0.0	,	0
126		,		.0218534		,		0.0	,	0
127		,		.0223561		,		0.0	,	0
128		,		.0228754		,		0.0	,	0
129		,		.0234122		,		0.0	,	0
130		,		.0239668		,		0.0	,	0
131		,		.0245400		,		0.0	,	0
132		,		.0251323		,		0.0	,	0
133		,		.0257444		,		0.0	,	0
134		,		.0263770		,		0.0	,	0
135		,		.0270306		,		0.0	,	0
136		,		.0277061		,		0.0	,	0
137		,		.0284041		,		0.0	,	0
138		,		.0291255		,		0.0	,	0
139		,		.0298709		,		0.0	,	0
140		,		.0306412		,		0.0	,	0
141		,		.0314373		,		0.0	,	0
142		,		.0322599		,		0.0	,	0
143		,		.0331100		,		0.0	,	0
144		,		.0339885		,		0.0	,	0
145		,		.0348963		,		0.0	,	0
146		,		.0358344		,		0.0	,	0
147		,		.0368038		,		0.0	,	0
148		,		.0378057		,		0.0	,	0
149		,		.0388409		,		0.0	,	0
150		,		.0399108		,		0.0	,	0
151		,		.0410163		,		0.0	,	0
152		,		.0421588		,		0.0	,	0
153		,		.0433394		,		0.0	,	0
154		,		.0445595		,		0.0	,	0
155		,		.0458203		,		0.0	,	0
156		,		.0471232		,		0.0	,	0
157		,		.0484696		,		0.0	,	0
158		,		.0498609		,		0.0	,	0
159		,		.0512987		,		0.0	,	0
160		,		.0527845		,		0.0	,	0
161		,		.0543200		,		0.0	,	0
162		,		.0559067		,		0.0	,	0
163		,		.0575464		,		0.0	,	0
164		,		.0592408		,		0.0	,	0
165		,		.0609918		,		0.0	,	0
166		,		.0628013		,		0.0	,	0
167		,		.0646712		,		0.0	,	0
168		,		.0666035		,		0.0	,	0
169		,		.0686004		,		0.0	,	0
170		,		.0706639		,		0.0	,	0
171		,		.0727964		,		0.0	,	0
172		,		.0750000		,		.4000-03	,	0
173		,		.0750000		,		.8000-03	,	0
174		,		.0750000		,		.0012000	,	0
175		,		.0750000		,		.0016000	,	0
176		,		.0750000		,		.0020000	,	0
177		,		.0750000		,		.0024000	,	0
178		,		.0750000		,		.0028000	,	0
179		,		.0750000		,		.0032000	,	0
180		,		.0750000		,		.0036000	,	0
181		,		.0727963		,		.0040000	,	0
182		,		.0706639		,		.0040000	,	0
183		,		.0686003		,		.0040000	,	0
184		,		.0666034		,		.0040000	,	0
185		,		.0646710		,		.0040000	,	0
186		,		.0628011		,		.0040000	,	0
187		,		.0609916		,		.0040000	,	0
188		,		.0592406		,		.0040000	,	0
189		,		.0575461		,		.0040000	,	0
190		,		.0559064		,		.0040000	,	0
191		,		.0543197		,		.0040000	,	0
192		,		.0527842		,		.0040000	,	0
193		,		.0512984		,		.0040000	,	0
194		,		.0498606		,		.0040000	,	0
195		,		.0484692		,		.0040000	,	0
196		,		.0471228		,		.0040000	,	0
197		,		.0458199		,		.0040000	,	0
198		,		.0445591		,		.0040000	,	0
199		,		.0433390		,		.0040000	,	0
200		,		.0421584		,		.0040000	,	0
201		,		.0410159		,		.0040000	,	0
202		,		.0399103		,		.0040000	,	0
203		,		.0388404		,		.0040000	,	0
204		,		.0378052		,		.0040000	,	0
205		,		.0368033		,		.0040000	,	0
206		,		.0358339		,		.0040000	,	0
207		,		.0348957		,		.0040000	,	0
208		,		.0339879		,		.0040000	,	0
209		,		.0331094		,		.0040000	,	0
210		,		.0322593		,		.0040000	,	0
211		,		.0314367		,		.0040000	,	0
212		,		.0306406		,		.0040000	,	0
213		,		.0298703		,		.0040000	,	0
214		,		.0291249		,		.0040000	,	0
215		,		.0284035		,		.0040000	,	0
216		,		.0277055		,		.0040000	,	0
217		,		.0270300		,		.0040000	,	0
218		,		.0263763		,		.0040000	,	0
219		,		.0257438		,		.0040000	,	0
220		,		.0251317		,		.0040000	,	0
221		,		.0245393		,		.0040000	,	0
222		,		.0239661		,		.0040000	,	0
223		,		.0234115		,		.0040000	,	0
224		,		.0228747		,		.0040000	,	0
225		,		.0223553		,		.0040000	,	0
226		,		.0218527		,		.0040000	,	0
227		,		.0213663		,		.0040000	,	0
228		,		.0208957		,		.0040000	,	0
229		,		.0204402		,		.0040000	,	0
230		,		.0196002		,		.4000-03	,	0
231		,		.0196001		,		.8000-03	,	0
232		,		.0196000		,		.0012000	,	0
233		,		.0196000		,		.0016000	,	0
234		,		.0195999		,		.0020000	,	0
235		,		.0195998		,		.0024000	,	0
236		,		.0195997		,		.0028000	,	0
237		,		.0195997		,		.0032000	,	0
238		,		.0195996		,		.0036000	,	0
239		,		.0192002		,		.4000-03	,	0
240		,		.0192001		,		.8000-03	,	0
241		,		.0192000		,		.0012000	,	0
242		,		.0192000		,		.0016000	,	0
243		,		.0191999		,		.0020000	,	0
244		,		.0191998		,		.0024000	,	0
245		,		.0191997		,		.0028000	,	0
246		,		.0191997		,		.0032000	,	0
247		,		.0191996		,		.0036000	,	0
248		,		.0188002		,		.4000-03	,	0
249		,		.0188001		,		.8000-03	,	0
250		,		.0188000		,		.0012000	,	0
251		,		.0188000		,		.0016000	,	0
252		,		.0187999		,		.0020000	,	0
253		,		.0187998		,		.0024000	,	0
254		,		.0187997		,		.0028000	,	0
255		,		.0187997		,		.0032000	,	0
256		,		.0187996		,		.0036000	,	0
257		,		.0184002		,		.4000-03	,	0
258		,		.0184001		,		.8000-03	,	0
259		,		.0184000		,		.0012000	,	0
260		,		.0184000		,		.0016000	,	0
261		,		.0183999		,		.0020000	,	0
262		,		.0183998		,		.0024000	,	0
263		,		.0183997		,		.0028000	,	0
264		,		.0183997		,		.0032000	,	0
265		,		.0183996		,		.0036000	,	0
266		,		.0180002		,		.4000-03	,	0
267		,		.0180001		,		.8000-03	,	0
268		,		.0180000		,		.0012000	,	0
269		,		.0180000		,		.0016000	,	0
270		,		.0179999		,		.0020000	,	0
271		,		.0179998		,		.0024000	,	0
272		,		.0179998		,		.0028000	,	0
273		,		.0179997		,		.0032000	,	0
274		,		.0179996		,		.0036000	,	0
275		,		.0176002		,		.4000-03	,	0
276		,		.0176001		,		.8000-03	,	0
277		,		.0176000		,		.0012000	,	0
278		,		.0176000		,		.0016000	,	0
279		,		.0175999		,		.0020000	,	0
280		,		.0175998		,		.0024000	,	0
281		,		.0175998		,		.0028000	,	0
282		,		.0175997		,		.0032000	,	0
283		,		.0175996		,		.0036000	,	0
284		,		.0172001		,		.4000-03	,	0
285		,		.0172001		,		.8000-03	,	0
286		,		.0172000		,		.0012000	,	0
287		,		.0172000		,		.0016000	,	0
288		,		.0171999		,		.0020000	,	0
289		,		.0171998		,		.0024000	,	0
290		,		.0171998		,		.0028000	,	0
291		,		.0171997		,		.0032000	,	0
292		,		.0171996		,		.0036000	,	0
293		,		.0168001		,		.4000-03	,	0
294		,		.0168001		,		.8000-03	,	0
295		,		.0168000		,		.0012000	,	0
296		,		.0168000		,		.0016000	,	0
297		,		.0167999		,		.0020000	,	0
298		,		.0167998		,		.0024000	,	0
299		,		.0167998		,		.0028000	,	0
300		,		.0167997		,		.0032000	,	0
301		,		.0167996		,		.0036000	,	0
302		,		.0164001		,		.4000-03	,	0
303		,		.0164001		,		.8000-03	,	0
304		,		.0164000		,		.0012000	,	0
305		,		.0164000		,		.0016000	,	0
306		,		.0163999		,		.0020000	,	0
307		,		.0163998		,		.0024000	,	0
308		,		.0163998		,		.0028000	,	0
309		,		.0163997		,		.0032000	,	0
310		,		.0163997		,		.0036000	,	0
311		,		.0160001		,		.4000-03	,	0
312		,		.0160001		,		.8000-03	,	0
313		,		.0160000		,		.0012000	,	0
314		,		.0160000		,		.0016000	,	0
315		,		.0159999		,		.0020000	,	0
316		,		.0159998		,		.0024000	,	0
317		,		.0159998		,		.0028000	,	0
318		,		.0159997		,		.0032000	,	0
319		,		.0159997		,		.0036000	,	0
320		,		.0156001		,		.4000-03	,	0
321		,		.0156001		,		.8000-03	,	0
322		,		.0156000		,		.0012000	,	0
323		,		.0156000		,		.0016000	,	0
324		,		.0155999		,		.0020000	,	0
325		,		.0155998		,		.0024000	,	0
326		,		.0155998		,		.0028000	,	0
327		,		.0155997		,		.0032000	,	0
328		,		.0155997		,		.0036000	,	0
329		,		.0152001		,		.4000-03	,	0
330		,		.0152001		,		.8000-03	,	0
331		,		.0152000		,		.0012000	,	0
332		,		.0152000		,		.0016000	,	0
333		,		.0151999		,		.0020000	,	0
334		,		.0151998		,		.0024000	,	0
335		,		.0151998		,		.0028000	,	0
336		,		.0151997		,		.0032000	,	0
337		,		.0151997		,		.0036000	,	0
338		,		.0148001		,		.4000-03	,	0
339		,		.0148001		,		.8000-03	,	0
340		,		.0148000		,		.0012000	,	0
341		,		.0148000		,		.0016000	,	0
342		,		.0147999		,		.0020000	,	0
343		,		.0147999		,		.0024000	,	0
344		,		.0147998		,		.0028000	,	0
345		,		.0147997		,		.0032000	,	0
346		,		.0147997		,		.0036000	,	0
347		,		.0144001		,		.4000-03	,	0
348		,		.0144001		,		.8000-03	,	0
349		,		.0144000		,		.0012000	,	0
350		,		.0144000		,		.0016000	,	0
351		,		.0143999		,		.0020000	,	0
352		,		.0143999		,		.0024000	,	0
353		,		.0143998		,		.0028000	,	0
354		,		.0143997		,		.0032000	,	0
355		,		.0143997		,		.0036000	,	0
356		,		.0140001		,		.4000-03	,	0
357		,		.0140001		,		.8000-03	,	0
358		,		.0140000		,		.0012000	,	0
359		,		.0140000		,		.0016000	,	0
360		,		.0139999		,		.0020000	,	0
361		,		.0139999		,		.0024000	,	0
362		,		.0139998		,		.0028000	,	0
363		,		.0139998		,		.0032000	,	0
364		,		.0139997		,		.0036000	,	0
365		,		.0136001		,		.4000-03	,	0
366		,		.0136001		,		.8000-03	,	0
367		,		.0136000		,		.0012000	,	0
368		,		.0136000		,		.0016000	,	0
369		,		.0135999		,		.0020000	,	0
370		,		.0135999		,		.0024000	,	0
371		,		.0135998		,		.0028000	,	0
372		,		.0135998		,		.0032000	,	0
373		,		.0135997		,		.0036000	,	0
374		,		.0132001		,		.4000-03	,	0
375		,		.0132001		,		.8000-03	,	0
376		,		.0132000		,		.0012000	,	0
377		,		.0132000		,		.0016000	,	0
378		,		.0131999		,		.0020000	,	0
379		,		.0131999		,		.0024000	,	0
380		,		.0131998		,		.0028000	,	0
381		,		.0131998		,		.0032000	,	0
382		,		.0131997		,		.0036000	,	0
383		,		.0128001		,		.4000-03	,	0
384		,		.0128001		,		.8000-03	,	0
385		,		.0128000		,		.0012000	,	0
386		,		.0128000		,		.0016000	,	0
387		,		.0127999		,		.0020000	,	0
388		,		.0127999		,		.0024000	,	0
389		,		.0127998		,		.0028000	,	0
390		,		.0127998		,		.0032000	,	0
391		,		.0127997		,		.0036000	,	0
392		,		.0124001		,		.4000-03	,	0
393		,		.0124001		,		.8000-03	,	0
394		,		.0124000		,		.0012000	,	0
395		,		.0124000		,		.0016000	,	0
396		,		.0123999		,		.0020000	,	0
397		,		.0123999		,		.0024000	,	0
398		,		.0123998		,		.0028000	,	0
399		,		.0123998		,		.0032000	,	0
400		,		.0123997		,		.0036000	,	0
401		,		.0120001		,		.4000-03	,	0
402		,		.0120001		,		.8000-03	,	0
403		,		.0120000		,		.0012000	,	0
404		,		.0120000		,		.0016000	,	0
405		,		.0119999		,		.0020000	,	0
406		,		.0119999		,		.0024000	,	0
407		,		.0119998		,		.0028000	,	0
408		,		.0119998		,		.0032000	,	0
409		,		.0119997		,		.0036000	,	0
410		,		.0116001		,		.4000-03	,	0
411		,		.0116001		,		.8000-03	,	0
412		,		.0116000		,		.0012000	,	0
413		,		.0116000		,		.0016000	,	0
414		,		.0115999		,		.0020000	,	0
415		,		.0115999		,		.0024000	,	0
416		,		.0115998		,		.0028000	,	0
417		,		.0115998		,		.0032000	,	0
418		,		.0115998		,		.0036000	,	0
419		,		.0112001		,		.4000-03	,	0
420		,		.0112001		,		.8000-03	,	0
421		,		.0112000		,		.0012000	,	0
422		,		.0112000		,		.0016000	,	0
423		,		.0111999		,		.0020000	,	0
424		,		.0111999		,		.0024000	,	0
425		,		.0111998		,		.0028000	,	0
426		,		.0111998		,		.0032000	,	0
427		,		.0111998		,		.0036000	,	0
428		,		.0108001		,		.4000-03	,	0
429		,		.0108001		,		.8000-03	,	0
430		,		.0108000		,		.0012000	,	0
431		,		.0108000		,		.0016000	,	0
432		,		.0107999		,		.0020000	,	0
433		,		.0107999		,		.0024000	,	0
434		,		.0107999		,		.0028000	,	0
435		,		.0107998		,		.0032000	,	0
436		,		.0107998		,		.0036000	,	0
437		,		.0104001		,		.4000-03	,	0
438		,		.0104001		,		.8000-03	,	0
439		,		.0104000		,		.0012000	,	0
440		,		.0104000		,		.0016000	,	0
441		,		.0103999		,		.0020000	,	0
442		,		.0103999		,		.0024000	,	0
443		,		.0103999		,		.0028000	,	0
444		,		.0103998		,		.0032000	,	0
445		,		.0103998		,		.0036000	,	0
446		,		.0100001		,		.4000-03	,	0
447		,		.0100001		,		.8000-03	,	0
448		,		.0100000		,		.0012000	,	0
449		,		.0100000		,		.0016000	,	0
450		,		.0099999		,		.0020000	,	0
451		,		.0099999		,		.0024000	,	0
452		,		.0099999		,		.0028000	,	0
453		,		.0099998		,		.0032000	,	0
454		,		.0099998		,		.0036000	,	0
455		,		.0096001		,		.4000-03	,	0
456		,		.0096000		,		.8000-03	,	0
457		,		.0096000		,		.0012000	,	0
458		,		.0096000		,		.0016000	,	0
459		,		.0095999		,		.0020000	,	0
460		,		.0095999		,		.0024000	,	0
461		,		.0095999		,		.0028000	,	0
462		,		.0095998		,		.0032000	,	0
463		,		.0095998		,		.0036000	,	0
464		,		.0092001		,		.4000-03	,	0
465		,		.0092000		,		.8000-03	,	0
466		,		.0092000		,		.0012000	,	0
467		,		.0092000		,		.0016000	,	0
468		,		.0091999		,		.0020000	,	0
469		,		.0091999		,		.0024000	,	0
470		,		.0091999		,		.0028000	,	0
471		,		.0091998		,		.0032000	,	0
472		,		.0091998		,		.0036000	,	0
473		,		.0088001		,		.4000-03	,	0
474		,		.0088000		,		.8000-03	,	0
475		,		.0088000		,		.0012000	,	0
476		,		.0088000		,		.0016000	,	0
477		,		.0087999		,		.0020000	,	0
478		,		.0087999		,		.0024000	,	0
479		,		.0087999		,		.0028000	,	0
480		,		.0087998		,		.0032000	,	0
481		,		.0087998		,		.0036000	,	0
482		,		.0084001		,		.4000-03	,	0
483		,		.0084000		,		.8000-03	,	0
484		,		.0084000		,		.0012000	,	0
485		,		.0084000		,		.0016000	,	0
486		,		.0083999		,		.0020000	,	0
487		,		.0083999		,		.0024000	,	0
488		,		.0083999		,		.0028000	,	0
489		,		.0083999		,		.0032000	,	0
490		,		.0083998		,		.0036000	,	0
491		,		.0080001		,		.4000-03	,	0
492		,		.0080000		,		.8000-03	,	0
493		,		.0080000		,		.0012000	,	0
494		,		.0080000		,		.0016000	,	0
495		,		.0080000		,		.0020000	,	0
496		,		.0079999		,		.0024000	,	0
497		,		.0079999		,		.0028000	,	0
498		,		.0079999		,		.0032000	,	0
499		,		.0079998		,		.0036000	,	0
500		,		.0076001		,		.4000-03	,	0
501		,		.0076000		,		.8000-03	,	0
502		,		.0076000		,		.0012000	,	0
503		,		.0076000		,		.0016000	,	0
504		,		.0076000		,		.0020000	,	0
505		,		.0075999		,		.0024000	,	0
506		,		.0075999		,		.0028000	,	0
507		,		.0075999		,		.0032000	,	0
508		,		.0075998		,		.0036000	,	0
509		,		.0072001		,		.4000-03	,	0
510		,		.0072000		,		.8000-03	,	0
511		,		.0072000		,		.0012000	,	0
512		,		.0072000		,		.0016000	,	0
513		,		.0072000		,		.0020000	,	0
514		,		.0071999		,		.0024000	,	0
515		,		.0071999		,		.0028000	,	0
516		,		.0071999		,		.0032000	,	0
517		,		.0071998		,		.0036000	,	0
518		,		.0068001		,		.4000-03	,	0
519		,		.0068000		,		.8000-03	,	0
520		,		.0068000		,		.0012000	,	0
521		,		.0068000		,		.0016000	,	0
522		,		.0068000		,		.0020000	,	0
523		,		.0067999		,		.0024000	,	0
524		,		.0067999		,		.0028000	,	0
525		,		.0067999		,		.0032000	,	0
526		,		.0067999		,		.0036000	,	0
527		,		.0064001		,		.4000-03	,	0
528		,		.0064000		,		.8000-03	,	0
529		,		.0064000		,		.0012000	,	0
530		,		.0064000		,		.0016000	,	0
531		,		.0064000		,		.0020000	,	0
532		,		.0063999		,		.0024000	,	0
533		,		.0063999		,		.0028000	,	0
534		,		.0063999		,		.0032000	,	0
535		,		.0063999		,		.0036000	,	0
536		,		.0060001		,		.4000-03	,	0
537		,		.0060000		,		.8000-03	,	0
538		,		.0060000		,		.0012000	,	0
539		,		.0060000		,		.0016000	,	0
540		,		.0060000		,		.0020000	,	0
541		,		.0059999		,		.0024000	,	0
542		,		.0059999		,		.0028000	,	0
543		,		.0059999		,		.0032000	,	0
544		,		.0059999		,		.0036000	,	0
545		,		.0056000		,		.4000-03	,	0
546		,		.0056000		,		.8000-03	,	0
547		,		.0056000		,		.0012000	,	0
548		,		.0056000		,		.0016000	,	0
549		,		.0056000		,		.0020000	,	0
550		,		.0055999		,		.0024000	,	0
551		,		.0055999		,		.0028000	,	0
552		,		.0055999		,		.0032000	,	0
553		,		.0055999		,		.0036000	,	0
554		,		.0052000		,		.4000-03	,	0
555		,		.0052000		,		.8000-03	,	0
556		,		.0052000		,		.0012000	,	0
557		,		.0052000		,		.0016000	,	0
558		,		.0052000		,		.0020000	,	0
559		,		.0051999		,		.0024000	,	0
560		,		.0051999		,		.0028000	,	0
561		,		.0051999		,		.0032000	,	0
562		,		.0051999		,		.0036000	,	0
563		,		.0048000		,		.4000-03	,	0
564		,		.0048000		,		.8000-03	,	0
565		,		.0048000		,		.0012000	,	0
566		,		.0048000		,		.0016000	,	0
567		,		.0048000		,		.0020000	,	0
568		,		.0048000		,		.0024000	,	0
569		,		.0047999		,		.0028000	,	0
570		,		.0047999		,		.0032000	,	0
571		,		.0047999		,		.0036000	,	0
572		,		.0044000		,		.4000-03	,	0
573		,		.0044000		,		.8000-03	,	0
574		,		.0044000		,		.0012000	,	0
575		,		.0044000		,		.0016000	,	0
576		,		.0044000		,		.0020000	,	0
577		,		.0044000		,		.0024000	,	0
578		,		.0043999		,		.0028000	,	0
579		,		.0043999		,		.0032000	,	0
580		,		.0043999		,		.0036000	,	0
581		,		.0040000		,		.4000-03	,	0
582		,		.0040000		,		.8000-03	,	0
583		,		.0040000		,		.0012000	,	0
584		,		.0040000		,		.0016000	,	0
585		,		.0040000		,		.0020000	,	0
586		,		.0040000		,		.0024000	,	0
587		,		.0039999		,		.0028000	,	0
588		,		.0039999		,		.0032000	,	0
589		,		.0039999		,		.0036000	,	0
590		,		.0036000		,		.4000-03	,	0
591		,		.0036000		,		.8000-03	,	0
592		,		.0036000		,		.0012000	,	0
593		,		.0036000		,		.0016000	,	0
594		,		.0036000		,		.0020000	,	0
595		,		.0036000		,		.0024000	,	0
596		,		.0036000		,		.0028000	,	0
597		,		.0035999		,		.0032000	,	0
598		,		.0035999		,		.0036000	,	0
599		,		.0032000		,		.4000-03	,	0
600		,		.0032000		,		.8000-03	,	0
601		,		.0032000		,		.0012000	,	0
602		,		.0032000		,		.0016000	,	0
603		,		.0032000		,		.0020000	,	0
604		,		.0032000		,		.0024000	,	0
605		,		.0032000		,		.0028000	,	0
606		,		.0031999		,		.0032000	,	0
607		,		.0031999		,		.0036000	,	0
608		,		.0028000		,		.4000-03	,	0
609		,		.0028000		,		.8000-03	,	0
610		,		.0028000		,		.0012000	,	0
611		,		.0028000		,		.0016000	,	0
612		,		.0028000		,		.0020000	,	0
613		,		.0028000		,		.0024000	,	0
614		,		.0028000		,		.0028000	,	0
615		,		.0028000		,		.0032000	,	0
616		,		.0027999		,		.0036000	,	0
617		,		.0024000		,		.4000-03	,	0
618		,		.0024000		,		.8000-03	,	0
619		,		.0024000		,		.0012000	,	0
620		,		.0024000		,		.0016000	,	0
621		,		.0024000		,		.0020000	,	0
622		,		.0024000		,		.0024000	,	0
623		,		.0024000		,		.0028000	,	0
624		,		.0024000		,		.0032000	,	0
625		,		.0023999		,		.0036000	,	0
626		,		.0020000		,		.4000-03	,	0
627		,		.0020000		,		.8000-03	,	0
628		,		.0020000		,		.0012000	,	0
629		,		.0020000		,		.0016000	,	0
630		,		.0020000		,		.0020000	,	0
631		,		.0020000		,		.0024000	,	0
632		,		.0020000		,		.0028000	,	0
633		,		.0020000		,		.0032000	,	0
634		,		.0020000		,		.0036000	,	0
635		,		.0016000		,		.4000-03	,	0
636		,		.0016000		,		.8000-03	,	0
637		,		.0016000		,		.0012000	,	0
638		,		.0016000		,		.0016000	,	0
639		,		.0016000		,		.0020000	,	0
640		,		.0016000		,		.0024000	,	0
641		,		.0016000		,		.0028000	,	0
642		,		.0016000		,		.0032000	,	0
643		,		.0016000		,		.0036000	,	0
644		,		.0012000		,		.4000-03	,	0
645		,		.0012000		,		.8000-03	,	0
646		,		.0012000		,		.0012000	,	0
647		,		.0012000		,		.0016000	,	0
648		,		.0012000		,		.0020000	,	0
649		,		.0012000		,		.0024000	,	0
650		,		.0012000		,		.0028000	,	0
651		,		.0012000		,		.0032000	,	0
652		,		.0012000		,		.0036000	,	0
653		,		.8000-03		,		.4000-03	,	0
654		,		.8000-03		,		.8000-03	,	0
655		,		.8000-03		,		.0012000	,	0
656		,		.8000-03		,		.0016000	,	0
657		,		.8000-03		,		.0020000	,	0
658		,		.8000-03		,		.0024000	,	0
659		,		.8000-03		,		.0028000	,	0
660		,		.8000-03		,		.0032000	,	0
661		,		.8000-03		,		.0036000	,	0
662		,		.4000-03		,		.4000-03	,	0
663		,		.4000-03		,		.8000-03	,	0
664		,		.4000-03		,		.0012000	,	0
665		,		.4000-03		,		.0016000	,	0
666		,		.4000-03		,		.0020000	,	0
667		,		.4000-03		,		.0024000	,	0
668		,		.4000-03		,		.0028000	,	0
669		,		.4000-03		,		.0032000	,	0
670		,		.4000-03		,		.0036000	,	0
671		,		.0204403		,		.0036000	,	0
672		,		.0204404		,		.0032000	,	0
673		,		.0204405		,		.0028000	,	0
674		,		.0204405		,		.0024000	,	0
675		,		.0204406		,		.0020000	,	0
676		,		.0204407		,		.0016000	,	0
677		,		.0204408		,		.0012000	,	0
678		,		.0204408		,		.8000-03	,	0
679		,		.0204409		,		.4000-03	,	0
680		,		.0208958		,		.0036000	,	0
681		,		.0208958		,		.0032000	,	0
682		,		.0208959		,		.0028000	,	0
683		,		.0208960		,		.0024000	,	0
684		,		.0208961		,		.0020000	,	0
685		,		.0208961		,		.0016000	,	0
686		,		.0208962		,		.0012000	,	0
687		,		.0208963		,		.8000-03	,	0
688		,		.0208964		,		.4000-03	,	0
689		,		.0213664		,		.0036000	,	0
690		,		.0213665		,		.0032000	,	0
691		,		.0213666		,		.0028000	,	0
692		,		.0213666		,		.0024000	,	0
693		,		.0213667		,		.0020000	,	0
694		,		.0213668		,		.0016000	,	0
695		,		.0213669		,		.0012000	,	0
696		,		.0213669		,		.8000-03	,	0
697		,		.0213670		,		.4000-03	,	0
698		,		.0218528		,		.0036000	,	0
699		,		.0218529		,		.0032000	,	0
700		,		.0218529		,		.0028000	,	0
701		,		.0218530		,		.0024000	,	0
702		,		.0218531		,		.0020000	,	0
703		,		.0218532		,		.0016000	,	0
704		,		.0218532		,		.0012000	,	0
705		,		.0218533		,		.8000-03	,	0
706		,		.0218534		,		.4000-03	,	0
707		,		.0223554		,		.0036000	,	0
708		,		.0223555		,		.0032000	,	0
709		,		.0223556		,		.0028000	,	0
710		,		.0223556		,		.0024000	,	0
711		,		.0223557		,		.0020000	,	0
712		,		.0223558		,		.0016000	,	0
713		,		.0223558		,		.0012000	,	0
714		,		.0223559		,		.8000-03	,	0
715		,		.0223560		,		.4000-03	,	0
716		,		.0228748		,		.0036000	,	0
717		,		.0228749		,		.0032000	,	0
718		,		.0228750		,		.0028000	,	0
719		,		.0228750		,		.0024000	,	0
720		,		.0228751		,		.0020000	,	0
721		,		.0228752		,		.0016000	,	0
722		,		.0228752		,		.0012000	,	0
723		,		.0228753		,		.8000-03	,	0
724		,		.0228754		,		.4000-03	,	0
725		,		.0234116		,		.0036000	,	0
726		,		.0234116		,		.0032000	,	0
727		,		.0234117		,		.0028000	,	0
728		,		.0234118		,		.0024000	,	0
729		,		.0234118		,		.0020000	,	0
730		,		.0234119		,		.0016000	,	0
731		,		.0234120		,		.0012000	,	0
732		,		.0234120		,		.8000-03	,	0
733		,		.0234121		,		.4000-03	,	0
734		,		.0239662		,		.0036000	,	0
735		,		.0239663		,		.0032000	,	0
736		,		.0239664		,		.0028000	,	0
737		,		.0239664		,		.0024000	,	0
738		,		.0239665		,		.0020000	,	0
739		,		.0239666		,		.0016000	,	0
740		,		.0239666		,		.0012000	,	0
741		,		.0239667		,		.8000-03	,	0
742		,		.0239668		,		.4000-03	,	0
743		,		.0245394		,		.0036000	,	0
744		,		.0245395		,		.0032000	,	0
745		,		.0245395		,		.0028000	,	0
746		,		.0245396		,		.0024000	,	0
747		,		.0245397		,		.0020000	,	0
748		,		.0245397		,		.0016000	,	0
749		,		.0245398		,		.0012000	,	0
750		,		.0245399		,		.8000-03	,	0
751		,		.0245400		,		.4000-03	,	0
752		,		.0251317		,		.0036000	,	0
753		,		.0251318		,		.0032000	,	0
754		,		.0251319		,		.0028000	,	0
755		,		.0251319		,		.0024000	,	0
756		,		.0251320		,		.0020000	,	0
757		,		.0251321		,		.0016000	,	0
758		,		.0251321		,		.0012000	,	0
759		,		.0251322		,		.8000-03	,	0
760		,		.0251323		,		.4000-03	,	0
761		,		.0257438		,		.0036000	,	0
762		,		.0257439		,		.0032000	,	0
763		,		.0257440		,		.0028000	,	0
764		,		.0257440		,		.0024000	,	0
765		,		.0257441		,		.0020000	,	0
766		,		.0257442		,		.0016000	,	0
767		,		.0257442		,		.0012000	,	0
768		,		.0257443		,		.8000-03	,	0
769		,		.0257444		,		.4000-03	,	0
770		,		.0263764		,		.0036000	,	0
771		,		.0263764		,		.0032000	,	0
772		,		.0263765		,		.0028000	,	0
773		,		.0263766		,		.0024000	,	0
774		,		.0263766		,		.0020000	,	0
775		,		.0263767		,		.0016000	,	0
776		,		.0263768		,		.0012000	,	0
777		,		.0263768		,		.8000-03	,	0
778		,		.0263769		,		.4000-03	,	0
779		,		.0270300		,		.0036000	,	0
780		,		.0270301		,		.0032000	,	0
781		,		.0270302		,		.0028000	,	0
782		,		.0270302		,		.0024000	,	0
783		,		.0270303		,		.0020000	,	0
784		,		.0270304		,		.0016000	,	0
785		,		.0270304		,		.0012000	,	0
786		,		.0270305		,		.8000-03	,	0
787		,		.0270306		,		.4000-03	,	0
788		,		.0277055		,		.0036000	,	0
789		,		.0277056		,		.0032000	,	0
790		,		.0277056		,		.0028000	,	0
791		,		.0277057		,		.0024000	,	0
792		,		.0277058		,		.0020000	,	0
793		,		.0277058		,		.0016000	,	0
794		,		.0277059		,		.0012000	,	0
795		,		.0277060		,		.8000-03	,	0
796		,		.0277060		,		.4000-03	,	0
797		,		.0284036		,		.0036000	,	0
798		,		.0284036		,		.0032000	,	0
799		,		.0284037		,		.0028000	,	0
800		,		.0284038		,		.0024000	,	0
801		,		.0284038		,		.0020000	,	0
802		,		.0284039		,		.0016000	,	0
803		,		.0284039		,		.0012000	,	0
804		,		.0284040		,		.8000-03	,	0
805		,		.0284041		,		.4000-03	,	0
806		,		.0291249		,		.0036000	,	0
807		,		.0291250		,		.0032000	,	0
808		,		.0291250		,		.0028000	,	0
809		,		.0291251		,		.0024000	,	0
810		,		.0291252		,		.0020000	,	0
811		,		.0291252		,		.0016000	,	0
812		,		.0291253		,		.0012000	,	0
813		,		.0291254		,		.8000-03	,	0
814		,		.0291254		,		.4000-03	,	0
815		,		.0298704		,		.0036000	,	0
816		,		.0298704		,		.0032000	,	0
817		,		.0298705		,		.0028000	,	0
818		,		.0298705		,		.0024000	,	0
819		,		.0298706		,		.0020000	,	0
820		,		.0298707		,		.0016000	,	0
821		,		.0298707		,		.0012000	,	0
822		,		.0298708		,		.8000-03	,	0
823		,		.0298708		,		.4000-03	,	0
824		,		.0306407		,		.0036000	,	0
825		,		.0306407		,		.0032000	,	0
826		,		.0306408		,		.0028000	,	0
827		,		.0306409		,		.0024000	,	0
828		,		.0306409		,		.0020000	,	0
829		,		.0306410		,		.0016000	,	0
830		,		.0306410		,		.0012000	,	0
831		,		.0306411		,		.8000-03	,	0
832		,		.0306412		,		.4000-03	,	0
833		,		.0314367		,		.0036000	,	0
834		,		.0314368		,		.0032000	,	0
835		,		.0314369		,		.0028000	,	0
836		,		.0314369		,		.0024000	,	0
837		,		.0314370		,		.0020000	,	0
838		,		.0314370		,		.0016000	,	0
839		,		.0314371		,		.0012000	,	0
840		,		.0314372		,		.8000-03	,	0
841		,		.0314372		,		.4000-03	,	0
842		,		.0322594		,		.0036000	,	0
843		,		.0322594		,		.0032000	,	0
844		,		.0322595		,		.0028000	,	0
845		,		.0322595		,		.0024000	,	0
846		,		.0322596		,		.0020000	,	0
847		,		.0322597		,		.0016000	,	0
848		,		.0322597		,		.0012000	,	0
849		,		.0322598		,		.8000-03	,	0
850		,		.0322598		,		.4000-03	,	0
851		,		.0331095		,		.0036000	,	0
852		,		.0331095		,		.0032000	,	0
853		,		.0331096		,		.0028000	,	0
854		,		.0331096		,		.0024000	,	0
855		,		.0331097		,		.0020000	,	0
856		,		.0331098		,		.0016000	,	0
857		,		.0331098		,		.0012000	,	0
858		,		.0331099		,		.8000-03	,	0
859		,		.0331099		,		.4000-03	,	0
860		,		.0339880		,		.0036000	,	0
861		,		.0339880		,		.0032000	,	0
862		,		.0339881		,		.0028000	,	0
863		,		.0339881		,		.0024000	,	0
864		,		.0339882		,		.0020000	,	0
865		,		.0339882		,		.0016000	,	0
866		,		.0339883		,		.0012000	,	0
867		,		.0339884		,		.8000-03	,	0
868		,		.0339884		,		.4000-03	,	0
869		,		.0348958		,		.0036000	,	0
870		,		.0348958		,		.0032000	,	0
871		,		.0348959		,		.0028000	,	0
872		,		.0348959		,		.0024000	,	0
873		,		.0348960		,		.0020000	,	0
874		,		.0348961		,		.0016000	,	0
875		,		.0348961		,		.0012000	,	0
876		,		.0348962		,		.8000-03	,	0
877		,		.0348962		,		.4000-03	,	0
878		,		.0358339		,		.0036000	,	0
879		,		.0358340		,		.0032000	,	0
880		,		.0358340		,		.0028000	,	0
881		,		.0358341		,		.0024000	,	0
882		,		.0358341		,		.0020000	,	0
883		,		.0358342		,		.0016000	,	0
884		,		.0358342		,		.0012000	,	0
885		,		.0358343		,		.8000-03	,	0
886		,		.0358343		,		.4000-03	,	0
887		,		.0368034		,		.0036000	,	0
888		,		.0368034		,		.0032000	,	0
889		,		.0368035		,		.0028000	,	0
890		,		.0368035		,		.0024000	,	0
891		,		.0368036		,		.0020000	,	0
892		,		.0368036		,		.0016000	,	0
893		,		.0368037		,		.0012000	,	0
894		,		.0368037		,		.8000-03	,	0
895		,		.0368038		,		.4000-03	,	0
896		,		.0378052		,		.0036000	,	0
897		,		.0378053		,		.0032000	,	0
898		,		.0378053		,		.0028000	,	0
899		,		.0378054		,		.0024000	,	0
900		,		.0378054		,		.0020000	,	0
901		,		.0378055		,		.0016000	,	0
902		,		.0378055		,		.0012000	,	0
903		,		.0378056		,		.8000-03	,	0
904		,		.0378056		,		.4000-03	,	0
905		,		.0388405		,		.0036000	,	0
906		,		.0388405		,		.0032000	,	0
907		,		.0388406		,		.0028000	,	0
908		,		.0388406		,		.0024000	,	0
909		,		.0388407		,		.0020000	,	0
910		,		.0388407		,		.0016000	,	0
911		,		.0388408		,		.0012000	,	0
912		,		.0388408		,		.8000-03	,	0
913		,		.0388409		,		.4000-03	,	0
914		,		.0399103		,		.0036000	,	0
915		,		.0399104		,		.0032000	,	0
916		,		.0399104		,		.0028000	,	0
917		,		.0399105		,		.0024000	,	0
918		,		.0399105		,		.0020000	,	0
919		,		.0399106		,		.0016000	,	0
920		,		.0399106		,		.0012000	,	0
921		,		.0399107		,		.8000-03	,	0
922		,		.0399107		,		.4000-03	,	0
923		,		.0410159		,		.0036000	,	0
924		,		.0410160		,		.0032000	,	0
925		,		.0410160		,		.0028000	,	0
926		,		.0410161		,		.0024000	,	0
927		,		.0410161		,		.0020000	,	0
928		,		.0410162		,		.0016000	,	0
929		,		.0410162		,		.0012000	,	0
930		,		.0410162		,		.8000-03	,	0
931		,		.0410163		,		.4000-03	,	0
932		,		.0421584		,		.0036000	,	0
933		,		.0421585		,		.0032000	,	0
934		,		.0421585		,		.0028000	,	0
935		,		.0421585		,		.0024000	,	0
936		,		.0421586		,		.0020000	,	0
937		,		.0421586		,		.0016000	,	0
938		,		.0421587		,		.0012000	,	0
939		,		.0421587		,		.8000-03	,	0
940		,		.0421588		,		.4000-03	,	0
941		,		.0433391		,		.0036000	,	0
942		,		.0433391		,		.0032000	,	0
943		,		.0433391		,		.0028000	,	0
944		,		.0433392		,		.0024000	,	0
945		,		.0433392		,		.0020000	,	0
946		,		.0433393		,		.0016000	,	0
947		,		.0433393		,		.0012000	,	0
948		,		.0433394		,		.8000-03	,	0
949		,		.0433394		,		.4000-03	,	0
950		,		.0445591		,		.0036000	,	0
951		,		.0445592		,		.0032000	,	0
952		,		.0445592		,		.0028000	,	0
953		,		.0445592		,		.0024000	,	0
954		,		.0445593		,		.0020000	,	0
955		,		.0445593		,		.0016000	,	0
956		,		.0445594		,		.0012000	,	0
957		,		.0445594		,		.8000-03	,	0
958		,		.0445595		,		.4000-03	,	0
959		,		.0458199		,		.0036000	,	0
960		,		.0458200		,		.0032000	,	0
961		,		.0458200		,		.0028000	,	0
962		,		.0458200		,		.0024000	,	0
963		,		.0458201		,		.0020000	,	0
964		,		.0458201		,		.0016000	,	0
965		,		.0458202		,		.0012000	,	0
966		,		.0458202		,		.8000-03	,	0
967		,		.0458202		,		.4000-03	,	0
968		,		.0471228		,		.0036000	,	0
969		,		.0471229		,		.0032000	,	0
970		,		.0471229		,		.0028000	,	0
971		,		.0471229		,		.0024000	,	0
972		,		.0471230		,		.0020000	,	0
973		,		.0471230		,		.0016000	,	0
974		,		.0471231		,		.0012000	,	0
975		,		.0471231		,		.8000-03	,	0
976		,		.0471231		,		.4000-03	,	0
977		,		.0484692		,		.0036000	,	0
978		,		.0484693		,		.0032000	,	0
979		,		.0484693		,		.0028000	,	0
980		,		.0484693		,		.0024000	,	0
981		,		.0484694		,		.0020000	,	0
982		,		.0484694		,		.0016000	,	0
983		,		.0484695		,		.0012000	,	0
984		,		.0484695		,		.8000-03	,	0
985		,		.0484695		,		.4000-03	,	0
986		,		.0498606		,		.0036000	,	0
987		,		.0498606		,		.0032000	,	0
988		,		.0498607		,		.0028000	,	0
989		,		.0498607		,		.0024000	,	0
990		,		.0498607		,		.0020000	,	0
991		,		.0498608		,		.0016000	,	0
992		,		.0498608		,		.0012000	,	0
993		,		.0498608		,		.8000-03	,	0
994		,		.0498609		,		.4000-03	,	0
995		,		.0512984		,		.0036000	,	0
996		,		.0512985		,		.0032000	,	0
997		,		.0512985		,		.0028000	,	0
998		,		.0512985		,		.0024000	,	0
999		,		.0512986		,		.0020000	,	0
1000		,		.0512986		,		.0016000	,	0
1001		,		.0512986		,		.0012000	,	0
1002		,		.0512987		,		.8000-03	,	0
1003		,		.0512987		,		.4000-03	,	0
1004		,		.0527843		,		.0036000	,	0
1005		,		.0527843		,		.0032000	,	0
1006		,		.0527843		,		.0028000	,	0
1007		,		.0527844		,		.0024000	,	0
1008		,		.0527844		,		.0020000	,	0
1009		,		.0527844		,		.0016000	,	0
1010		,		.0527844		,		.0012000	,	0
1011		,		.0527845		,		.8000-03	,	0
1012		,		.0527845		,		.4000-03	,	0
1013		,		.0543197		,		.0036000	,	0
1014		,		.0543197		,		.0032000	,	0
1015		,		.0543198		,		.0028000	,	0
1016		,		.0543198		,		.0024000	,	0
1017		,		.0543198		,		.0020000	,	0
1018		,		.0543199		,		.0016000	,	0
1019		,		.0543199		,		.0012000	,	0
1020		,		.0543199		,		.8000-03	,	0
1021		,		.0543199		,		.4000-03	,	0
1022		,		.0559064		,		.0036000	,	0
1023		,		.0559065		,		.0032000	,	0
1024		,		.0559065		,		.0028000	,	0
1025		,		.0559065		,		.0024000	,	0
1026		,		.0559065		,		.0020000	,	0
1027		,		.0559066		,		.0016000	,	0
1028		,		.0559066		,		.0012000	,	0
1029		,		.0559066		,		.8000-03	,	0
1030		,		.0559066		,		.4000-03	,	0
1031		,		.0575461		,		.0036000	,	0
1032		,		.0575462		,		.0032000	,	0
1033		,		.0575462		,		.0028000	,	0
1034		,		.0575462		,		.0024000	,	0
1035		,		.0575462		,		.0020000	,	0
1036		,		.0575463		,		.0016000	,	0
1037		,		.0575463		,		.0012000	,	0
1038		,		.0575463		,		.8000-03	,	0
1039		,		.0575463		,		.4000-03	,	0
1040		,		.0592406		,		.0036000	,	0
1041		,		.0592406		,		.0032000	,	0
1042		,		.0592406		,		.0028000	,	0
1043		,		.0592407		,		.0024000	,	0
1044		,		.0592407		,		.0020000	,	0
1045		,		.0592407		,		.0016000	,	0
1046		,		.0592407		,		.0012000	,	0
1047		,		.0592407		,		.8000-03	,	0
1048		,		.0592408		,		.4000-03	,	0
1049		,		.0609916		,		.0036000	,	0
1050		,		.0609916		,		.0032000	,	0
1051		,		.0609917		,		.0028000	,	0
1052		,		.0609917		,		.0024000	,	0
1053		,		.0609917		,		.0020000	,	0
1054		,		.0609917		,		.0016000	,	0
1055		,		.0609917		,		.0012000	,	0
1056		,		.0609918		,		.8000-03	,	0
1057		,		.0609918		,		.4000-03	,	0
1058		,		.0628011		,		.0036000	,	0
1059		,		.0628011		,		.0032000	,	0
1060		,		.0628012		,		.0028000	,	0
1061		,		.0628012		,		.0024000	,	0
1062		,		.0628012		,		.0020000	,	0
1063		,		.0628012		,		.0016000	,	0
1064		,		.0628012		,		.0012000	,	0
1065		,		.0628012		,		.8000-03	,	0
1066		,		.0628013		,		.4000-03	,	0
1067		,		.0646710		,		.0036000	,	0
1068		,		.0646711		,		.0032000	,	0
1069		,		.0646711		,		.0028000	,	0
1070		,		.0646711		,		.0024000	,	0
1071		,		.0646711		,		.0020000	,	0
1072		,		.0646711		,		.0016000	,	0
1073		,		.0646711		,		.0012000	,	0
1074		,		.0646711		,		.8000-03	,	0
1075		,		.0646712		,		.4000-03	,	0
1076		,		.0666034		,		.0036000	,	0
1077		,		.0666034		,		.0032000	,	0
1078		,		.0666034		,		.0028000	,	0
1079		,		.0666034		,		.0024000	,	0
1080		,		.0666035		,		.0020000	,	0
1081		,		.0666035		,		.0016000	,	0
1082		,		.0666035		,		.0012000	,	0
1083		,		.0666035		,		.8000-03	,	0
1084		,		.0666035		,		.4000-03	,	0
1085		,		.0686003		,		.0036000	,	0
1086		,		.0686003		,		.0032000	,	0
1087		,		.0686003		,		.0028000	,	0
1088		,		.0686003		,		.0024000	,	0
1089		,		.0686003		,		.0020000	,	0
1090		,		.0686003		,		.0016000	,	0
1091		,		.0686003		,		.0012000	,	0
1092		,		.0686004		,		.8000-03	,	0
1093		,		.0686004		,		.4000-03	,	0
1094		,		.0706639		,		.0036000	,	0
1095		,		.0706639		,		.0032000	,	0
1096		,		.0706639		,		.0028000	,	0
1097		,		.0706639		,		.0024000	,	0
1098		,		.0706639		,		.0020000	,	0
1099		,		.0706639		,		.0016000	,	0
1100		,		.0706639		,		.0012000	,	0
1101		,		.0706639		,		.8000-03	,	0
1102		,		.0706639		,		.4000-03	,	0
1103		,		.0727963		,		.0036000	,	0
1104		,		.0727963		,		.0032000	,	0
1105		,		.0727963		,		.0028000	,	0
1106		,		.0727963		,		.0024000	,	0
1107		,		.0727963		,		.0020000	,	0
1108		,		.0727963		,		.0016000	,	0
1109		,		.0727963		,		.0012000	,	0
1110		,		.0727963		,		.8000-03	,	0
1111		,		.0727964		,		.4000-03	,	0
*Element, Q4TPLF   
1	,	1	,	7	,	230	,	122
2	,	7	,	8	,	231	,	230
3	,	8	,	9	,	232	,	231
4	,	9	,	10	,	233	,	232
5	,	10	,	11	,	234	,	233
6	,	11	,	12	,	235	,	234
7	,	12	,	13	,	236	,	235
8	,	13	,	14	,	237	,	236
9	,	14	,	15	,	238	,	237
10	,	15	,	2	,	16	,	238
11	,	122	,	230	,	239	,	121
12	,	230	,	231	,	240	,	239
13	,	231	,	232	,	241	,	240
14	,	232	,	233	,	242	,	241
15	,	233	,	234	,	243	,	242
16	,	234	,	235	,	244	,	243
17	,	235	,	236	,	245	,	244
18	,	236	,	237	,	246	,	245
19	,	237	,	238	,	247	,	246
20	,	238	,	16	,	17	,	247
21	,	121	,	239	,	248	,	120
22	,	239	,	240	,	249	,	248
23	,	240	,	241	,	250	,	249
24	,	241	,	242	,	251	,	250
25	,	242	,	243	,	252	,	251
26	,	243	,	244	,	253	,	252
27	,	244	,	245	,	254	,	253
28	,	245	,	246	,	255	,	254
29	,	246	,	247	,	256	,	255
30	,	247	,	17	,	18	,	256
31	,	120	,	248	,	257	,	119
32	,	248	,	249	,	258	,	257
33	,	249	,	250	,	259	,	258
34	,	250	,	251	,	260	,	259
35	,	251	,	252	,	261	,	260
36	,	252	,	253	,	262	,	261
37	,	253	,	254	,	263	,	262
38	,	254	,	255	,	264	,	263
39	,	255	,	256	,	265	,	264
40	,	256	,	18	,	19	,	265
41	,	119	,	257	,	266	,	118
42	,	257	,	258	,	267	,	266
43	,	258	,	259	,	268	,	267
44	,	259	,	260	,	269	,	268
45	,	260	,	261	,	270	,	269
46	,	261	,	262	,	271	,	270
47	,	262	,	263	,	272	,	271
48	,	263	,	264	,	273	,	272
49	,	264	,	265	,	274	,	273
50	,	265	,	19	,	20	,	274
51	,	118	,	266	,	275	,	117
52	,	266	,	267	,	276	,	275
53	,	267	,	268	,	277	,	276
54	,	268	,	269	,	278	,	277
55	,	269	,	270	,	279	,	278
56	,	270	,	271	,	280	,	279
57	,	271	,	272	,	281	,	280
58	,	272	,	273	,	282	,	281
59	,	273	,	274	,	283	,	282
60	,	274	,	20	,	21	,	283
61	,	117	,	275	,	284	,	116
62	,	275	,	276	,	285	,	284
63	,	276	,	277	,	286	,	285
64	,	277	,	278	,	287	,	286
65	,	278	,	279	,	288	,	287
66	,	279	,	280	,	289	,	288
67	,	280	,	281	,	290	,	289
68	,	281	,	282	,	291	,	290
69	,	282	,	283	,	292	,	291
70	,	283	,	21	,	22	,	292
71	,	116	,	284	,	293	,	115
72	,	284	,	285	,	294	,	293
73	,	285	,	286	,	295	,	294
74	,	286	,	287	,	296	,	295
75	,	287	,	288	,	297	,	296
76	,	288	,	289	,	298	,	297
77	,	289	,	290	,	299	,	298
78	,	290	,	291	,	300	,	299
79	,	291	,	292	,	301	,	300
80	,	292	,	22	,	23	,	301
81	,	115	,	293	,	302	,	114
82	,	293	,	294	,	303	,	302
83	,	294	,	295	,	304	,	303
84	,	295	,	296	,	305	,	304
85	,	296	,	297	,	306	,	305
86	,	297	,	298	,	307	,	306
87	,	298	,	299	,	308	,	307
88	,	299	,	300	,	309	,	308
89	,	300	,	301	,	310	,	309
90	,	301	,	23	,	24	,	310
91	,	114	,	302	,	311	,	113
92	,	302	,	303	,	312	,	311
93	,	303	,	304	,	313	,	312
94	,	304	,	305	,	314	,	313
95	,	305	,	306	,	315	,	314
96	,	306	,	307	,	316	,	315
97	,	307	,	308	,	317	,	316
98	,	308	,	309	,	318	,	317
99	,	309	,	310	,	319	,	318
100	,	310	,	24	,	25	,	319
101	,	113	,	311	,	320	,	112
102	,	311	,	312	,	321	,	320
103	,	312	,	313	,	322	,	321
104	,	313	,	314	,	323	,	322
105	,	314	,	315	,	324	,	323
106	,	315	,	316	,	325	,	324
107	,	316	,	317	,	326	,	325
108	,	317	,	318	,	327	,	326
109	,	318	,	319	,	328	,	327
110	,	319	,	25	,	26	,	328
111	,	112	,	320	,	329	,	111
112	,	320	,	321	,	330	,	329
113	,	321	,	322	,	331	,	330
114	,	322	,	323	,	332	,	331
115	,	323	,	324	,	333	,	332
116	,	324	,	325	,	334	,	333
117	,	325	,	326	,	335	,	334
118	,	326	,	327	,	336	,	335
119	,	327	,	328	,	337	,	336
120	,	328	,	26	,	27	,	337
121	,	111	,	329	,	338	,	110
122	,	329	,	330	,	339	,	338
123	,	330	,	331	,	340	,	339
124	,	331	,	332	,	341	,	340
125	,	332	,	333	,	342	,	341
126	,	333	,	334	,	343	,	342
127	,	334	,	335	,	344	,	343
128	,	335	,	336	,	345	,	344
129	,	336	,	337	,	346	,	345
130	,	337	,	27	,	28	,	346
131	,	110	,	338	,	347	,	109
132	,	338	,	339	,	348	,	347
133	,	339	,	340	,	349	,	348
134	,	340	,	341	,	350	,	349
135	,	341	,	342	,	351	,	350
136	,	342	,	343	,	352	,	351
137	,	343	,	344	,	353	,	352
138	,	344	,	345	,	354	,	353
139	,	345	,	346	,	355	,	354
140	,	346	,	28	,	29	,	355
141	,	109	,	347	,	356	,	108
142	,	347	,	348	,	357	,	356
143	,	348	,	349	,	358	,	357
144	,	349	,	350	,	359	,	358
145	,	350	,	351	,	360	,	359
146	,	351	,	352	,	361	,	360
147	,	352	,	353	,	362	,	361
148	,	353	,	354	,	363	,	362
149	,	354	,	355	,	364	,	363
150	,	355	,	29	,	30	,	364
151	,	108	,	356	,	365	,	107
152	,	356	,	357	,	366	,	365
153	,	357	,	358	,	367	,	366
154	,	358	,	359	,	368	,	367
155	,	359	,	360	,	369	,	368
156	,	360	,	361	,	370	,	369
157	,	361	,	362	,	371	,	370
158	,	362	,	363	,	372	,	371
159	,	363	,	364	,	373	,	372
160	,	364	,	30	,	31	,	373
161	,	107	,	365	,	374	,	106
162	,	365	,	366	,	375	,	374
163	,	366	,	367	,	376	,	375
164	,	367	,	368	,	377	,	376
165	,	368	,	369	,	378	,	377
166	,	369	,	370	,	379	,	378
167	,	370	,	371	,	380	,	379
168	,	371	,	372	,	381	,	380
169	,	372	,	373	,	382	,	381
170	,	373	,	31	,	32	,	382
171	,	106	,	374	,	383	,	105
172	,	374	,	375	,	384	,	383
173	,	375	,	376	,	385	,	384
174	,	376	,	377	,	386	,	385
175	,	377	,	378	,	387	,	386
176	,	378	,	379	,	388	,	387
177	,	379	,	380	,	389	,	388
178	,	380	,	381	,	390	,	389
179	,	381	,	382	,	391	,	390
180	,	382	,	32	,	33	,	391
181	,	105	,	383	,	392	,	104
182	,	383	,	384	,	393	,	392
183	,	384	,	385	,	394	,	393
184	,	385	,	386	,	395	,	394
185	,	386	,	387	,	396	,	395
186	,	387	,	388	,	397	,	396
187	,	388	,	389	,	398	,	397
188	,	389	,	390	,	399	,	398
189	,	390	,	391	,	400	,	399
190	,	391	,	33	,	34	,	400
191	,	104	,	392	,	401	,	103
192	,	392	,	393	,	402	,	401
193	,	393	,	394	,	403	,	402
194	,	394	,	395	,	404	,	403
195	,	395	,	396	,	405	,	404
196	,	396	,	397	,	406	,	405
197	,	397	,	398	,	407	,	406
198	,	398	,	399	,	408	,	407
199	,	399	,	400	,	409	,	408
200	,	400	,	34	,	35	,	409
201	,	103	,	401	,	410	,	102
202	,	401	,	402	,	411	,	410
203	,	402	,	403	,	412	,	411
204	,	403	,	404	,	413	,	412
205	,	404	,	405	,	414	,	413
206	,	405	,	406	,	415	,	414
207	,	406	,	407	,	416	,	415
208	,	407	,	408	,	417	,	416
209	,	408	,	409	,	418	,	417
210	,	409	,	35	,	36	,	418
211	,	102	,	410	,	419	,	101
212	,	410	,	411	,	420	,	419
213	,	411	,	412	,	421	,	420
214	,	412	,	413	,	422	,	421
215	,	413	,	414	,	423	,	422
216	,	414	,	415	,	424	,	423
217	,	415	,	416	,	425	,	424
218	,	416	,	417	,	426	,	425
219	,	417	,	418	,	427	,	426
220	,	418	,	36	,	37	,	427
221	,	101	,	419	,	428	,	100
222	,	419	,	420	,	429	,	428
223	,	420	,	421	,	430	,	429
224	,	421	,	422	,	431	,	430
225	,	422	,	423	,	432	,	431
226	,	423	,	424	,	433	,	432
227	,	424	,	425	,	434	,	433
228	,	425	,	426	,	435	,	434
229	,	426	,	427	,	436	,	435
230	,	427	,	37	,	38	,	436
231	,	100	,	428	,	437	,	99
232	,	428	,	429	,	438	,	437
233	,	429	,	430	,	439	,	438
234	,	430	,	431	,	440	,	439
235	,	431	,	432	,	441	,	440
236	,	432	,	433	,	442	,	441
237	,	433	,	434	,	443	,	442
238	,	434	,	435	,	444	,	443
239	,	435	,	436	,	445	,	444
240	,	436	,	38	,	39	,	445
241	,	99	,	437	,	446	,	98
242	,	437	,	438	,	447	,	446
243	,	438	,	439	,	448	,	447
244	,	439	,	440	,	449	,	448
245	,	440	,	441	,	450	,	449
246	,	441	,	442	,	451	,	450
247	,	442	,	443	,	452	,	451
248	,	443	,	444	,	453	,	452
249	,	444	,	445	,	454	,	453
250	,	445	,	39	,	40	,	454
251	,	98	,	446	,	455	,	97
252	,	446	,	447	,	456	,	455
253	,	447	,	448	,	457	,	456
254	,	448	,	449	,	458	,	457
255	,	449	,	450	,	459	,	458
256	,	450	,	451	,	460	,	459
257	,	451	,	452	,	461	,	460
258	,	452	,	453	,	462	,	461
259	,	453	,	454	,	463	,	462
260	,	454	,	40	,	41	,	463
261	,	97	,	455	,	464	,	96
262	,	455	,	456	,	465	,	464
263	,	456	,	457	,	466	,	465
264	,	457	,	458	,	467	,	466
265	,	458	,	459	,	468	,	467
266	,	459	,	460	,	469	,	468
267	,	460	,	461	,	470	,	469
268	,	461	,	462	,	471	,	470
269	,	462	,	463	,	472	,	471
270	,	463	,	41	,	42	,	472
271	,	96	,	464	,	473	,	95
272	,	464	,	465	,	474	,	473
273	,	465	,	466	,	475	,	474
274	,	466	,	467	,	476	,	475
275	,	467	,	468	,	477	,	476
276	,	468	,	469	,	478	,	477
277	,	469	,	470	,	479	,	478
278	,	470	,	471	,	480	,	479
279	,	471	,	472	,	481	,	480
280	,	472	,	42	,	43	,	481
281	,	95	,	473	,	482	,	94
282	,	473	,	474	,	483	,	482
283	,	474	,	475	,	484	,	483
284	,	475	,	476	,	485	,	484
285	,	476	,	477	,	486	,	485
286	,	477	,	478	,	487	,	486
287	,	478	,	479	,	488	,	487
288	,	479	,	480	,	489	,	488
289	,	480	,	481	,	490	,	489
290	,	481	,	43	,	44	,	490
291	,	94	,	482	,	491	,	93
292	,	482	,	483	,	492	,	491
293	,	483	,	484	,	493	,	492
294	,	484	,	485	,	494	,	493
295	,	485	,	486	,	495	,	494
296	,	486	,	487	,	496	,	495
297	,	487	,	488	,	497	,	496
298	,	488	,	489	,	498	,	497
299	,	489	,	490	,	499	,	498
300	,	490	,	44	,	45	,	499
301	,	93	,	491	,	500	,	92
302	,	491	,	492	,	501	,	500
303	,	492	,	493	,	502	,	501
304	,	493	,	494	,	503	,	502
305	,	494	,	495	,	504	,	503
306	,	495	,	496	,	505	,	504
307	,	496	,	497	,	506	,	505
308	,	497	,	498	,	507	,	506
309	,	498	,	499	,	508	,	507
310	,	499	,	45	,	46	,	508
311	,	92	,	500	,	509	,	91
312	,	500	,	501	,	510	,	509
313	,	501	,	502	,	511	,	510
314	,	502	,	503	,	512	,	511
315	,	503	,	504	,	513	,	512
316	,	504	,	505	,	514	,	513
317	,	505	,	506	,	515	,	514
318	,	506	,	507	,	516	,	515
319	,	507	,	508	,	517	,	516
320	,	508	,	46	,	47	,	517
321	,	91	,	509	,	518	,	90
322	,	509	,	510	,	519	,	518
323	,	510	,	511	,	520	,	519
324	,	511	,	512	,	521	,	520
325	,	512	,	513	,	522	,	521
326	,	513	,	514	,	523	,	522
327	,	514	,	515	,	524	,	523
328	,	515	,	516	,	525	,	524
329	,	516	,	517	,	526	,	525
330	,	517	,	47	,	48	,	526
331	,	90	,	518	,	527	,	89
332	,	518	,	519	,	528	,	527
333	,	519	,	520	,	529	,	528
334	,	520	,	521	,	530	,	529
335	,	521	,	522	,	531	,	530
336	,	522	,	523	,	532	,	531
337	,	523	,	524	,	533	,	532
338	,	524	,	525	,	534	,	533
339	,	525	,	526	,	535	,	534
340	,	526	,	48	,	49	,	535
341	,	89	,	527	,	536	,	88
342	,	527	,	528	,	537	,	536
343	,	528	,	529	,	538	,	537
344	,	529	,	530	,	539	,	538
345	,	530	,	531	,	540	,	539
346	,	531	,	532	,	541	,	540
347	,	532	,	533	,	542	,	541
348	,	533	,	534	,	543	,	542
349	,	534	,	535	,	544	,	543
350	,	535	,	49	,	50	,	544
351	,	88	,	536	,	545	,	87
352	,	536	,	537	,	546	,	545
353	,	537	,	538	,	547	,	546
354	,	538	,	539	,	548	,	547
355	,	539	,	540	,	549	,	548
356	,	540	,	541	,	550	,	549
357	,	541	,	542	,	551	,	550
358	,	542	,	543	,	552	,	551
359	,	543	,	544	,	553	,	552
360	,	544	,	50	,	51	,	553
361	,	87	,	545	,	554	,	86
362	,	545	,	546	,	555	,	554
363	,	546	,	547	,	556	,	555
364	,	547	,	548	,	557	,	556
365	,	548	,	549	,	558	,	557
366	,	549	,	550	,	559	,	558
367	,	550	,	551	,	560	,	559
368	,	551	,	552	,	561	,	560
369	,	552	,	553	,	562	,	561
370	,	553	,	51	,	52	,	562
371	,	86	,	554	,	563	,	85
372	,	554	,	555	,	564	,	563
373	,	555	,	556	,	565	,	564
374	,	556	,	557	,	566	,	565
375	,	557	,	558	,	567	,	566
376	,	558	,	559	,	568	,	567
377	,	559	,	560	,	569	,	568
378	,	560	,	561	,	570	,	569
379	,	561	,	562	,	571	,	570
380	,	562	,	52	,	53	,	571
381	,	85	,	563	,	572	,	84
382	,	563	,	564	,	573	,	572
383	,	564	,	565	,	574	,	573
384	,	565	,	566	,	575	,	574
385	,	566	,	567	,	576	,	575
386	,	567	,	568	,	577	,	576
387	,	568	,	569	,	578	,	577
388	,	569	,	570	,	579	,	578
389	,	570	,	571	,	580	,	579
390	,	571	,	53	,	54	,	580
391	,	84	,	572	,	581	,	83
392	,	572	,	573	,	582	,	581
393	,	573	,	574	,	583	,	582
394	,	574	,	575	,	584	,	583
395	,	575	,	576	,	585	,	584
396	,	576	,	577	,	586	,	585
397	,	577	,	578	,	587	,	586
398	,	578	,	579	,	588	,	587
399	,	579	,	580	,	589	,	588
400	,	580	,	54	,	55	,	589
401	,	83	,	581	,	590	,	82
402	,	581	,	582	,	591	,	590
403	,	582	,	583	,	592	,	591
404	,	583	,	584	,	593	,	592
405	,	584	,	585	,	594	,	593
406	,	585	,	586	,	595	,	594
407	,	586	,	587	,	596	,	595
408	,	587	,	588	,	597	,	596
409	,	588	,	589	,	598	,	597
410	,	589	,	55	,	56	,	598
411	,	82	,	590	,	599	,	81
412	,	590	,	591	,	600	,	599
413	,	591	,	592	,	601	,	600
414	,	592	,	593	,	602	,	601
415	,	593	,	594	,	603	,	602
416	,	594	,	595	,	604	,	603
417	,	595	,	596	,	605	,	604
418	,	596	,	597	,	606	,	605
419	,	597	,	598	,	607	,	606
420	,	598	,	56	,	57	,	607
421	,	81	,	599	,	608	,	80
422	,	599	,	600	,	609	,	608
423	,	600	,	601	,	610	,	609
424	,	601	,	602	,	611	,	610
425	,	602	,	603	,	612	,	611
426	,	603	,	604	,	613	,	612
427	,	604	,	605	,	614	,	613
428	,	605	,	606	,	615	,	614
429	,	606	,	607	,	616	,	615
430	,	607	,	57	,	58	,	616
431	,	80	,	608	,	617	,	79
432	,	608	,	609	,	618	,	617
433	,	609	,	610	,	619	,	618
434	,	610	,	611	,	620	,	619
435	,	611	,	612	,	621	,	620
436	,	612	,	613	,	622	,	621
437	,	613	,	614	,	623	,	622
438	,	614	,	615	,	624	,	623
439	,	615	,	616	,	625	,	624
440	,	616	,	58	,	59	,	625
441	,	79	,	617	,	626	,	78
442	,	617	,	618	,	627	,	626
443	,	618	,	619	,	628	,	627
444	,	619	,	620	,	629	,	628
445	,	620	,	621	,	630	,	629
446	,	621	,	622	,	631	,	630
447	,	622	,	623	,	632	,	631
448	,	623	,	624	,	633	,	632
449	,	624	,	625	,	634	,	633
450	,	625	,	59	,	60	,	634
451	,	78	,	626	,	635	,	77
452	,	626	,	627	,	636	,	635
453	,	627	,	628	,	637	,	636
454	,	628	,	629	,	638	,	637
455	,	629	,	630	,	639	,	638
456	,	630	,	631	,	640	,	639
457	,	631	,	632	,	641	,	640
458	,	632	,	633	,	642	,	641
459	,	633	,	634	,	643	,	642
460	,	634	,	60	,	61	,	643
461	,	77	,	635	,	644	,	76
462	,	635	,	636	,	645	,	644
463	,	636	,	637	,	646	,	645
464	,	637	,	638	,	647	,	646
465	,	638	,	639	,	648	,	647
466	,	639	,	640	,	649	,	648
467	,	640	,	641	,	650	,	649
468	,	641	,	642	,	651	,	650
469	,	642	,	643	,	652	,	651
470	,	643	,	61	,	62	,	652
471	,	76	,	644	,	653	,	75
472	,	644	,	645	,	654	,	653
473	,	645	,	646	,	655	,	654
474	,	646	,	647	,	656	,	655
475	,	647	,	648	,	657	,	656
476	,	648	,	649	,	658	,	657
477	,	649	,	650	,	659	,	658
478	,	650	,	651	,	660	,	659
479	,	651	,	652	,	661	,	660
480	,	652	,	62	,	63	,	661
481	,	75	,	653	,	662	,	74
482	,	653	,	654	,	663	,	662
483	,	654	,	655	,	664	,	663
484	,	655	,	656	,	665	,	664
485	,	656	,	657	,	666	,	665
486	,	657	,	658	,	667	,	666
487	,	658	,	659	,	668	,	667
488	,	659	,	660	,	669	,	668
489	,	660	,	661	,	670	,	669
490	,	661	,	63	,	64	,	670
491	,	74	,	662	,	73	,	4
492	,	662	,	663	,	72	,	73
493	,	663	,	664	,	71	,	72
494	,	664	,	665	,	70	,	71
495	,	665	,	666	,	69	,	70
496	,	666	,	667	,	68	,	69
497	,	667	,	668	,	67	,	68
498	,	668	,	669	,	66	,	67
499	,	669	,	670	,	65	,	66
500	,	670	,	64	,	3	,	65
501	,	2	,	15	,	671	,	229
502	,	15	,	14	,	672	,	671
503	,	14	,	13	,	673	,	672
504	,	13	,	12	,	674	,	673
505	,	12	,	11	,	675	,	674
506	,	11	,	10	,	676	,	675
507	,	10	,	9	,	677	,	676
508	,	9	,	8	,	678	,	677
509	,	8	,	7	,	679	,	678
510	,	7	,	1	,	123	,	679
511	,	229	,	671	,	680	,	228
512	,	671	,	672	,	681	,	680
513	,	672	,	673	,	682	,	681
514	,	673	,	674	,	683	,	682
515	,	674	,	675	,	684	,	683
516	,	675	,	676	,	685	,	684
517	,	676	,	677	,	686	,	685
518	,	677	,	678	,	687	,	686
519	,	678	,	679	,	688	,	687
520	,	679	,	123	,	124	,	688
521	,	228	,	680	,	689	,	227
522	,	680	,	681	,	690	,	689
523	,	681	,	682	,	691	,	690
524	,	682	,	683	,	692	,	691
525	,	683	,	684	,	693	,	692
526	,	684	,	685	,	694	,	693
527	,	685	,	686	,	695	,	694
528	,	686	,	687	,	696	,	695
529	,	687	,	688	,	697	,	696
530	,	688	,	124	,	125	,	697
531	,	227	,	689	,	698	,	226
532	,	689	,	690	,	699	,	698
533	,	690	,	691	,	700	,	699
534	,	691	,	692	,	701	,	700
535	,	692	,	693	,	702	,	701
536	,	693	,	694	,	703	,	702
537	,	694	,	695	,	704	,	703
538	,	695	,	696	,	705	,	704
539	,	696	,	697	,	706	,	705
540	,	697	,	125	,	126	,	706
541	,	226	,	698	,	707	,	225
542	,	698	,	699	,	708	,	707
543	,	699	,	700	,	709	,	708
544	,	700	,	701	,	710	,	709
545	,	701	,	702	,	711	,	710
546	,	702	,	703	,	712	,	711
547	,	703	,	704	,	713	,	712
548	,	704	,	705	,	714	,	713
549	,	705	,	706	,	715	,	714
550	,	706	,	126	,	127	,	715
551	,	225	,	707	,	716	,	224
552	,	707	,	708	,	717	,	716
553	,	708	,	709	,	718	,	717
554	,	709	,	710	,	719	,	718
555	,	710	,	711	,	720	,	719
556	,	711	,	712	,	721	,	720
557	,	712	,	713	,	722	,	721
558	,	713	,	714	,	723	,	722
559	,	714	,	715	,	724	,	723
560	,	715	,	127	,	128	,	724
561	,	224	,	716	,	725	,	223
562	,	716	,	717	,	726	,	725
563	,	717	,	718	,	727	,	726
564	,	718	,	719	,	728	,	727
565	,	719	,	720	,	729	,	728
566	,	720	,	721	,	730	,	729
567	,	721	,	722	,	731	,	730
568	,	722	,	723	,	732	,	731
569	,	723	,	724	,	733	,	732
570	,	724	,	128	,	129	,	733
571	,	223	,	725	,	734	,	222
572	,	725	,	726	,	735	,	734
573	,	726	,	727	,	736	,	735
574	,	727	,	728	,	737	,	736
575	,	728	,	729	,	738	,	737
576	,	729	,	730	,	739	,	738
577	,	730	,	731	,	740	,	739
578	,	731	,	732	,	741	,	740
579	,	732	,	733	,	742	,	741
580	,	733	,	129	,	130	,	742
581	,	222	,	734	,	743	,	221
582	,	734	,	735	,	744	,	743
583	,	735	,	736	,	745	,	744
584	,	736	,	737	,	746	,	745
585	,	737	,	738	,	747	,	746
586	,	738	,	739	,	748	,	747
587	,	739	,	740	,	749	,	748
588	,	740	,	741	,	750	,	749
589	,	741	,	742	,	751	,	750
590	,	742	,	130	,	131	,	751
591	,	221	,	743	,	752	,	220
592	,	743	,	744	,	753	,	752
593	,	744	,	745	,	754	,	753
594	,	745	,	746	,	755	,	754
595	,	746	,	747	,	756	,	755
596	,	747	,	748	,	757	,	756
597	,	748	,	749	,	758	,	757
598	,	749	,	750	,	759	,	758
599	,	750	,	751	,	760	,	759
600	,	751	,	131	,	132	,	760
601	,	220	,	752	,	761	,	219
602	,	752	,	753	,	762	,	761
603	,	753	,	754	,	763	,	762
604	,	754	,	755	,	764	,	763
605	,	755	,	756	,	765	,	764
606	,	756	,	757	,	766	,	765
607	,	757	,	758	,	767	,	766
608	,	758	,	759	,	768	,	767
609	,	759	,	760	,	769	,	768
610	,	760	,	132	,	133	,	769
611	,	219	,	761	,	770	,	218
612	,	761	,	762	,	771	,	770
613	,	762	,	763	,	772	,	771
614	,	763	,	764	,	773	,	772
615	,	764	,	765	,	774	,	773
616	,	765	,	766	,	775	,	774
617	,	766	,	767	,	776	,	775
618	,	767	,	768	,	777	,	776
619	,	768	,	769	,	778	,	777
620	,	769	,	133	,	134	,	778
621	,	218	,	770	,	779	,	217
622	,	770	,	771	,	780	,	779
623	,	771	,	772	,	781	,	780
624	,	772	,	773	,	782	,	781
625	,	773	,	774	,	783	,	782
626	,	774	,	775	,	784	,	783
627	,	775	,	776	,	785	,	784
628	,	776	,	777	,	786	,	785
629	,	777	,	778	,	787	,	786
630	,	778	,	134	,	135	,	787
631	,	217	,	779	,	788	,	216
632	,	779	,	780	,	789	,	788
633	,	780	,	781	,	790	,	789
634	,	781	,	782	,	791	,	790
635	,	782	,	783	,	792	,	791
636	,	783	,	784	,	793	,	792
637	,	784	,	785	,	794	,	793
638	,	785	,	786	,	795	,	794
639	,	786	,	787	,	796	,	795
640	,	787	,	135	,	136	,	796
641	,	216	,	788	,	797	,	215
642	,	788	,	789	,	798	,	797
643	,	789	,	790	,	799	,	798
644	,	790	,	791	,	800	,	799
645	,	791	,	792	,	801	,	800
646	,	792	,	793	,	802	,	801
647	,	793	,	794	,	803	,	802
648	,	794	,	795	,	804	,	803
649	,	795	,	796	,	805	,	804
650	,	796	,	136	,	137	,	805
651	,	215	,	797	,	806	,	214
652	,	797	,	798	,	807	,	806
653	,	798	,	799	,	808	,	807
654	,	799	,	800	,	809	,	808
655	,	800	,	801	,	810	,	809
656	,	801	,	802	,	811	,	810
657	,	802	,	803	,	812	,	811
658	,	803	,	804	,	813	,	812
659	,	804	,	805	,	814	,	813
660	,	805	,	137	,	138	,	814
661	,	214	,	806	,	815	,	213
662	,	806	,	807	,	816	,	815
663	,	807	,	808	,	817	,	816
664	,	808	,	809	,	818	,	817
665	,	809	,	810	,	819	,	818
666	,	810	,	811	,	820	,	819
667	,	811	,	812	,	821	,	820
668	,	812	,	813	,	822	,	821
669	,	813	,	814	,	823	,	822
670	,	814	,	138	,	139	,	823
671	,	213	,	815	,	824	,	212
672	,	815	,	816	,	825	,	824
673	,	816	,	817	,	826	,	825
674	,	817	,	818	,	827	,	826
675	,	818	,	819	,	828	,	827
676	,	819	,	820	,	829	,	828
677	,	820	,	821	,	830	,	829
678	,	821	,	822	,	831	,	830
679	,	822	,	823	,	832	,	831
680	,	823	,	139	,	140	,	832
681	,	212	,	824	,	833	,	211
682	,	824	,	825	,	834	,	833
683	,	825	,	826	,	835	,	834
684	,	826	,	827	,	836	,	835
685	,	827	,	828	,	837	,	836
686	,	828	,	829	,	838	,	837
687	,	829	,	830	,	839	,	838
688	,	830	,	831	,	840	,	839
689	,	831	,	832	,	841	,	840
690	,	832	,	140	,	141	,	841
691	,	211	,	833	,	842	,	210
692	,	833	,	834	,	843	,	842
693	,	834	,	835	,	844	,	843
694	,	835	,	836	,	845	,	844
695	,	836	,	837	,	846	,	845
696	,	837	,	838	,	847	,	846
697	,	838	,	839	,	848	,	847
698	,	839	,	840	,	849	,	848
699	,	840	,	841	,	850	,	849
700	,	841	,	141	,	142	,	850
701	,	210	,	842	,	851	,	209
702	,	842	,	843	,	852	,	851
703	,	843	,	844	,	853	,	852
704	,	844	,	845	,	854	,	853
705	,	845	,	846	,	855	,	854
706	,	846	,	847	,	856	,	855
707	,	847	,	848	,	857	,	856
708	,	848	,	849	,	858	,	857
709	,	849	,	850	,	859	,	858
710	,	850	,	142	,	143	,	859
711	,	209	,	851	,	860	,	208
712	,	851	,	852	,	861	,	860
713	,	852	,	853	,	862	,	861
714	,	853	,	854	,	863	,	862
715	,	854	,	855	,	864	,	863
716	,	855	,	856	,	865	,	864
717	,	856	,	857	,	866	,	865
718	,	857	,	858	,	867	,	866
719	,	858	,	859	,	868	,	867
720	,	859	,	143	,	144	,	868
721	,	208	,	860	,	869	,	207
722	,	860	,	861	,	870	,	869
723	,	861	,	862	,	871	,	870
724	,	862	,	863	,	872	,	871
725	,	863	,	864	,	873	,	872
726	,	864	,	865	,	874	,	873
727	,	865	,	866	,	875	,	874
728	,	866	,	867	,	876	,	875
729	,	867	,	868	,	877	,	876
730	,	868	,	144	,	145	,	877
731	,	207	,	869	,	878	,	206
732	,	869	,	870	,	879	,	878
733	,	870	,	871	,	880	,	879
734	,	871	,	872	,	881	,	880
735	,	872	,	873	,	882	,	881
736	,	873	,	874	,	883	,	882
737	,	874	,	875	,	884	,	883
738	,	875	,	876	,	885	,	884
739	,	876	,	877	,	886	,	885
740	,	877	,	145	,	146	,	886
741	,	206	,	878	,	887	,	205
742	,	878	,	879	,	888	,	887
743	,	879	,	880	,	889	,	888
744	,	880	,	881	,	890	,	889
745	,	881	,	882	,	891	,	890
746	,	882	,	883	,	892	,	891
747	,	883	,	884	,	893	,	892
748	,	884	,	885	,	894	,	893
749	,	885	,	886	,	895	,	894
750	,	886	,	146	,	147	,	895
751	,	205	,	887	,	896	,	204
752	,	887	,	888	,	897	,	896
753	,	888	,	889	,	898	,	897
754	,	889	,	890	,	899	,	898
755	,	890	,	891	,	900	,	899
756	,	891	,	892	,	901	,	900
757	,	892	,	893	,	902	,	901
758	,	893	,	894	,	903	,	902
759	,	894	,	895	,	904	,	903
760	,	895	,	147	,	148	,	904
761	,	204	,	896	,	905	,	203
762	,	896	,	897	,	906	,	905
763	,	897	,	898	,	907	,	906
764	,	898	,	899	,	908	,	907
765	,	899	,	900	,	909	,	908
766	,	900	,	901	,	910	,	909
767	,	901	,	902	,	911	,	910
768	,	902	,	903	,	912	,	911
769	,	903	,	904	,	913	,	912
770	,	904	,	148	,	149	,	913
771	,	203	,	905	,	914	,	202
772	,	905	,	906	,	915	,	914
773	,	906	,	907	,	916	,	915
774	,	907	,	908	,	917	,	916
775	,	908	,	909	,	918	,	917
776	,	909	,	910	,	919	,	918
777	,	910	,	911	,	920	,	919
778	,	911	,	912	,	921	,	920
779	,	912	,	913	,	922	,	921
780	,	913	,	149	,	150	,	922
781	,	202	,	914	,	923	,	201
782	,	914	,	915	,	924	,	923
783	,	915	,	916	,	925	,	924
784	,	916	,	917	,	926	,	925
785	,	917	,	918	,	927	,	926
786	,	918	,	919	,	928	,	927
787	,	919	,	920	,	929	,	928
788	,	920	,	921	,	930	,	929
789	,	921	,	922	,	931	,	930
790	,	922	,	150	,	151	,	931
791	,	201	,	923	,	932	,	200
792	,	923	,	924	,	933	,	932
793	,	924	,	925	,	934	,	933
794	,	925	,	926	,	935	,	934
795	,	926	,	927	,	936	,	935
796	,	927	,	928	,	937	,	936
797	,	928	,	929	,	938	,	937
798	,	929	,	930	,	939	,	938
799	,	930	,	931	,	940	,	939
800	,	931	,	151	,	152	,	940
801	,	200	,	932	,	941	,	199
802	,	932	,	933	,	942	,	941
803	,	933	,	934	,	943	,	942
804	,	934	,	935	,	944	,	943
805	,	935	,	936	,	945	,	944
806	,	936	,	937	,	946	,	945
807	,	937	,	938	,	947	,	946
808	,	938	,	939	,	948	,	947
809	,	939	,	940	,	949	,	948
810	,	940	,	152	,	153	,	949
811	,	199	,	941	,	950	,	198
812	,	941	,	942	,	951	,	950
813	,	942	,	943	,	952	,	951
814	,	943	,	944	,	953	,	952
815	,	944	,	945	,	954	,	953
816	,	945	,	946	,	955	,	954
817	,	946	,	947	,	956	,	955
818	,	947	,	948	,	957	,	956
819	,	948	,	949	,	958	,	957
820	,	949	,	153	,	154	,	958
821	,	198	,	950	,	959	,	197
822	,	950	,	951	,	960	,	959
823	,	951	,	952	,	961	,	960
824	,	952	,	953	,	962	,	961
825	,	953	,	954	,	963	,	962
826	,	954	,	955	,	964	,	963
827	,	955	,	956	,	965	,	964
828	,	956	,	957	,	966	,	965
829	,	957	,	958	,	967	,	966
830	,	958	,	154	,	155	,	967
831	,	197	,	959	,	968	,	196
832	,	959	,	960	,	969	,	968
833	,	960	,	961	,	970	,	969
834	,	961	,	962	,	971	,	970
835	,	962	,	963	,	972	,	971
836	,	963	,	964	,	973	,	972
837	,	964	,	965	,	974	,	973
838	,	965	,	966	,	975	,	974
839	,	966	,	967	,	976	,	975
840	,	967	,	155	,	156	,	976
841	,	196	,	968	,	977	,	195
842	,	968	,	969	,	978	,	977
843	,	969	,	970	,	979	,	978
844	,	970	,	971	,	980	,	979
845	,	971	,	972	,	981	,	980
846	,	972	,	973	,	982	,	981
847	,	973	,	974	,	983	,	982
848	,	974	,	975	,	984	,	983
849	,	975	,	976	,	985	,	984
850	,	976	,	156	,	157	,	985
851	,	195	,	977	,	986	,	194
852	,	977	,	978	,	987	,	986
853	,	978	,	979	,	988	,	987
854	,	979	,	980	,	989	,	988
855	,	980	,	981	,	990	,	989
856	,	981	,	982	,	991	,	990
857	,	982	,	983	,	992	,	991
858	,	983	,	984	,	993	,	992
859	,	984	,	985	,	994	,	993
860	,	985	,	157	,	158	,	994
861	,	194	,	986	,	995	,	193
862	,	986	,	987	,	996	,	995
863	,	987	,	988	,	997	,	996
864	,	988	,	989	,	998	,	997
865	,	989	,	990	,	999	,	998
866	,	990	,	991	,	1000	,	999
867	,	991	,	992	,	1001	,	1000
868	,	992	,	993	,	1002	,	1001
869	,	993	,	994	,	1003	,	1002
870	,	994	,	158	,	159	,	1003
871	,	193	,	995	,	1004	,	192
872	,	995	,	996	,	1005	,	1004
873	,	996	,	997	,	1006	,	1005
874	,	997	,	998	,	1007	,	1006
875	,	998	,	999	,	1008	,	1007
876	,	999	,	1000	,	1009	,	1008
877	,	1000	,	1001	,	1010	,	1009
878	,	1001	,	1002	,	1011	,	1010
879	,	1002	,	1003	,	1012	,	1011
880	,	1003	,	159	,	160	,	1012
881	,	192	,	1004	,	1013	,	191
882	,	1004	,	1005	,	1014	,	1013
883	,	1005	,	1006	,	1015	,	1014
884	,	1006	,	1007	,	1016	,	1015
885	,	1007	,	1008	,	1017	,	1016
886	,	1008	,	1009	,	1018	,	1017
887	,	1009	,	1010	,	1019	,	1018
888	,	1010	,	1011	,	1020	,	1019
889	,	1011	,	1012	,	1021	,	1020
890	,	1012	,	160	,	161	,	1021
891	,	191	,	1013	,	1022	,	190
892	,	1013	,	1014	,	1023	,	1022
893	,	1014	,	1015	,	1024	,	1023
894	,	1015	,	1016	,	1025	,	1024
895	,	1016	,	1017	,	1026	,	1025
896	,	1017	,	1018	,	1027	,	1026
897	,	1018	,	1019	,	1028	,	1027
898	,	1019	,	1020	,	1029	,	1028
899	,	1020	,	1021	,	1030	,	1029
900	,	1021	,	161	,	162	,	1030
901	,	190	,	1022	,	1031	,	189
902	,	1022	,	1023	,	1032	,	1031
903	,	1023	,	1024	,	1033	,	1032
904	,	1024	,	1025	,	1034	,	1033
905	,	1025	,	1026	,	1035	,	1034
906	,	1026	,	1027	,	1036	,	1035
907	,	1027	,	1028	,	1037	,	1036
908	,	1028	,	1029	,	1038	,	1037
909	,	1029	,	1030	,	1039	,	1038
910	,	1030	,	162	,	163	,	1039
911	,	189	,	1031	,	1040	,	188
912	,	1031	,	1032	,	1041	,	1040
913	,	1032	,	1033	,	1042	,	1041
914	,	1033	,	1034	,	1043	,	1042
915	,	1034	,	1035	,	1044	,	1043
916	,	1035	,	1036	,	1045	,	1044
917	,	1036	,	1037	,	1046	,	1045
918	,	1037	,	1038	,	1047	,	1046
919	,	1038	,	1039	,	1048	,	1047
920	,	1039	,	163	,	164	,	1048
921	,	188	,	1040	,	1049	,	187
922	,	1040	,	1041	,	1050	,	1049
923	,	1041	,	1042	,	1051	,	1050
924	,	1042	,	1043	,	1052	,	1051
925	,	1043	,	1044	,	1053	,	1052
926	,	1044	,	1045	,	1054	,	1053
927	,	1045	,	1046	,	1055	,	1054
928	,	1046	,	1047	,	1056	,	1055
929	,	1047	,	1048	,	1057	,	1056
930	,	1048	,	164	,	165	,	1057
931	,	187	,	1049	,	1058	,	186
932	,	1049	,	1050	,	1059	,	1058
933	,	1050	,	1051	,	1060	,	1059
934	,	1051	,	1052	,	1061	,	1060
935	,	1052	,	1053	,	1062	,	1061
936	,	1053	,	1054	,	1063	,	1062
937	,	1054	,	1055	,	1064	,	1063
938	,	1055	,	1056	,	1065	,	1064
939	,	1056	,	1057	,	1066	,	1065
940	,	1057	,	165	,	166	,	1066
941	,	186	,	1058	,	1067	,	185
942	,	1058	,	1059	,	1068	,	1067
943	,	1059	,	1060	,	1069	,	1068
944	,	1060	,	1061	,	1070	,	1069
945	,	1061	,	1062	,	1071	,	1070
946	,	1062	,	1063	,	1072	,	1071
947	,	1063	,	1064	,	1073	,	1072
948	,	1064	,	1065	,	1074	,	1073
949	,	1065	,	1066	,	1075	,	1074
950	,	1066	,	166	,	167	,	1075
951	,	185	,	1067	,	1076	,	184
952	,	1067	,	1068	,	1077	,	1076
953	,	1068	,	1069	,	1078	,	1077
954	,	1069	,	1070	,	1079	,	1078
955	,	1070	,	1071	,	1080	,	1079
956	,	1071	,	1072	,	1081	,	1080
957	,	1072	,	1073	,	1082	,	1081
958	,	1073	,	1074	,	1083	,	1082
959	,	1074	,	1075	,	1084	,	1083
960	,	1075	,	167	,	168	,	1084
961	,	184	,	1076	,	1085	,	183
962	,	1076	,	1077	,	1086	,	1085
963	,	1077	,	1078	,	1087	,	1086
964	,	1078	,	1079	,	1088	,	1087
965	,	1079	,	1080	,	1089	,	1088
966	,	1080	,	1081	,	1090	,	1089
967	,	1081	,	1082	,	1091	,	1090
968	,	1082	,	1083	,	1092	,	1091
969	,	1083	,	1084	,	1093	,	1092
970	,	1084	,	168	,	169	,	1093
971	,	183	,	1085	,	1094	,	182
972	,	1085	,	1086	,	1095	,	1094
973	,	1086	,	1087	,	1096	,	1095
974	,	1087	,	1088	,	1097	,	1096
975	,	1088	,	1089	,	1098	,	1097
976	,	1089	,	1090	,	1099	,	1098
977	,	1090	,	1091	,	1100	,	1099
978	,	1091	,	1092	,	1101	,	1100
979	,	1092	,	1093	,	1102	,	1101
980	,	1093	,	169	,	170	,	1102
981	,	182	,	1094	,	1103	,	181
982	,	1094	,	1095	,	1104	,	1103
983	,	1095	,	1096	,	1105	,	1104
984	,	1096	,	1097	,	1106	,	1105
985	,	1097	,	1098	,	1107	,	1106
986	,	1098	,	1099	,	1108	,	1107
987	,	1099	,	1100	,	1109	,	1108
988	,	1100	,	1101	,	1110	,	1109
989	,	1101	,	1102	,	1111	,	1110
990	,	1102	,	170	,	171	,	1111
991	,	181	,	1103	,	180	,	6
992	,	1103	,	1104	,	179	,	180
993	,	1104	,	1105	,	178	,	179
994	,	1105	,	1106	,	177	,	178
995	,	1106	,	1107	,	176	,	177
996	,	1107	,	1108	,	175	,	176
997	,	1108	,	1109	,	174	,	175
998	,	1109	,	1110	,	173	,	174
999	,	1110	,	1111	,	172	,	173
1000,	1111	,	171	,	5	,	172
*Material, Thermal
130.0 
*Boundary
3,  1,1.0
50, 1,1.0
51, 1,1.0
52, 1,1.0
53, 1,1.0
54, 1,1.0
55, 1,1.0
56, 1,1.0
57, 1,1.0
58, 1,1.0
59, 1,1.0
60, 1,1.0
61, 1,1.0
62, 1,1.0
63, 1,1.0
64, 1,1.0
*Loads
1, 1,0