1	,	0	,	.0200002	,	0.0
2	,	0	,	.0199995	,	.0040000
3	,	0	,	0.0	,	.0040000
4	,	0	,	0.0	,	0.0
5	,	0	,	.0750000	,	0.0
6	,	0	,	.0750000	,	.0040000
7	,	0	,	.0200002	,	.4000-03
8	,	0	,	.0200001	,	.8000-03
9	,	0	,	.0200000	,	.0012000
10	,	0	,	.0199999	,	.0016000
11	,	0	,	.0199999	,	.0020000
12	,	0	,	.0199998	,	.0024000
13	,	0	,	.0199997	,	.0028000
14	,	0	,	.0199996	,	.0032000
15	,	0	,	.0199996	,	.0036000
16	,	0	,	.0195995	,	.0040000
17	,	0	,	.0191995	,	.0040000
18	,	0	,	.0187995	,	.0040000
19	,	0	,	.0183995	,	.0040000
20	,	0	,	.0179996	,	.0040000
21	,	0	,	.0175996	,	.0040000
22	,	0	,	.0171996	,	.0040000
23	,	0	,	.0167996	,	.0040000
24	,	0	,	.0163996	,	.0040000
25	,	0	,	.0159996	,	.0040000
26	,	0	,	.0155996	,	.0040000
27	,	0	,	.0151996	,	.0040000
28	,	0	,	.0147996	,	.0040000
29	,	0	,	.0143996	,	.0040000
30	,	0	,	.0139997	,	.0040000
31	,	0	,	.0135997	,	.0040000
32	,	0	,	.0131997	,	.0040000
33	,	0	,	.0127997	,	.0040000
34	,	0	,	.0123997	,	.0040000
35	,	0	,	.0119997	,	.0040000
36	,	0	,	.0115997	,	.0040000
37	,	0	,	.0111997	,	.0040000
38	,	0	,	.0107997	,	.0040000
39	,	0	,	.0103997	,	.0040000
40	,	0	,	.0099998	,	.0040000
41	,	0	,	.0095998	,	.0040000
42	,	0	,	.0091998	,	.0040000
43	,	0	,	.0087998	,	.0040000
44	,	0	,	.0083998	,	.0040000
45	,	0	,	.0079998	,	.0040000
46	,	0	,	.0075998	,	.0040000
47	,	0	,	.0071998	,	.0040000
48	,	0	,	.0067998	,	.0040000
49	,	0	,	.0063998	,	.0040000
50	,	0	,	.0059999	,	.0040000
51	,	0	,	.0055999	,	.0040000
52	,	0	,	.0051999	,	.0040000
53	,	0	,	.0047999	,	.0040000
54	,	0	,	.0043999	,	.0040000
55	,	0	,	.0039999	,	.0040000
56	,	0	,	.0035999	,	.0040000
57	,	0	,	.0031999	,	.0040000
58	,	0	,	.0027999	,	.0040000
59	,	0	,	.0023999	,	.0040000
60	,	0	,	.0020000	,	.0040000
61	,	0	,	.0016000	,	.0040000
62	,	0	,	.0012000	,	.0040000
63	,	0	,	.8000-03	,	.0040000
64	,	0	,	.4000-03	,	.0040000
65	,	0	,	0.0	,	.0036000
66	,	0	,	0.0	,	.0032000
67	,	0	,	0.0	,	.0028000
68	,	0	,	0.0	,	.0024000
69	,	0	,	0.0	,	.0020000
70	,	0	,	0.0	,	.0016000
71	,	0	,	0.0	,	.0012000
72	,	0	,	0.0	,	.8000-03
73	,	0	,	0.0	,	.4000-03
74	,	0	,	.4000-03	,	0.0
75	,	0	,	.8000-03	,	0.0
76	,	0	,	.0012000	,	0.0
77	,	0	,	.0016000	,	0.0
78	,	0	,	.0020000	,	0.0
79	,	0	,	.0024000	,	0.0
80	,	0	,	.0028000	,	0.0
81	,	0	,	.0032000	,	0.0
82	,	0	,	.0036000	,	0.0
83	,	0	,	.0040001	,	0.0
84	,	0	,	.0044001	,	0.0
85	,	0	,	.0048001	,	0.0
86	,	0	,	.0052001	,	0.0
87	,	0	,	.0056001	,	0.0
88	,	0	,	.0060001	,	0.0
89	,	0	,	.0064001	,	0.0
90	,	0	,	.0068001	,	0.0
91	,	0	,	.0072001	,	0.0
92	,	0	,	.0076001	,	0.0
93	,	0	,	.0080001	,	0.0
94	,	0	,	.0084001	,	0.0
95	,	0	,	.0088001	,	0.0
96	,	0	,	.0092001	,	0.0
97	,	0	,	.0096001	,	0.0
98	,	0	,	.0100001	,	0.0
99	,	0	,	.0104001	,	0.0
100	,	0	,	.0108001	,	0.0
101	,	0	,	.0112001	,	0.0
102	,	0	,	.0116001	,	0.0
103	,	0	,	.0120002	,	0.0
104	,	0	,	.0124002	,	0.0
105	,	0	,	.0128002	,	0.0
106	,	0	,	.0132002	,	0.0
107	,	0	,	.0136002	,	0.0
108	,	0	,	.0140002	,	0.0
109	,	0	,	.0144002	,	0.0
110	,	0	,	.0148002	,	0.0
111	,	0	,	.0152002	,	0.0
112	,	0	,	.0156002	,	0.0
113	,	0	,	.0160002	,	0.0
114	,	0	,	.0164002	,	0.0
115	,	0	,	.0168002	,	0.0
116	,	0	,	.0172002	,	0.0
117	,	0	,	.0176002	,	0.0
118	,	0	,	.0180002	,	0.0
119	,	0	,	.0184002	,	0.0
120	,	0	,	.0188002	,	0.0
121	,	0	,	.0192002	,	0.0
122	,	0	,	.0196002	,	0.0
123	,	0	,	.0204410	,	0.0
124	,	0	,	.0208964	,	0.0
125	,	0	,	.0213671	,	0.0
126	,	0	,	.0218534	,	0.0
127	,	0	,	.0223561	,	0.0
128	,	0	,	.0228754	,	0.0
129	,	0	,	.0234122	,	0.0
130	,	0	,	.0239668	,	0.0
131	,	0	,	.0245400	,	0.0
132	,	0	,	.0251323	,	0.0
133	,	0	,	.0257444	,	0.0
134	,	0	,	.0263770	,	0.0
135	,	0	,	.0270306	,	0.0
136	,	0	,	.0277061	,	0.0
137	,	0	,	.0284041	,	0.0
138	,	0	,	.0291255	,	0.0
139	,	0	,	.0298709	,	0.0
140	,	0	,	.0306412	,	0.0
141	,	0	,	.0314373	,	0.0
142	,	0	,	.0322599	,	0.0
143	,	0	,	.0331100	,	0.0
144	,	0	,	.0339885	,	0.0
145	,	0	,	.0348963	,	0.0
146	,	0	,	.0358344	,	0.0
147	,	0	,	.0368038	,	0.0
148	,	0	,	.0378057	,	0.0
149	,	0	,	.0388409	,	0.0
150	,	0	,	.0399108	,	0.0
151	,	0	,	.0410163	,	0.0
152	,	0	,	.0421588	,	0.0
153	,	0	,	.0433394	,	0.0
154	,	0	,	.0445595	,	0.0
155	,	0	,	.0458203	,	0.0
156	,	0	,	.0471232	,	0.0
157	,	0	,	.0484696	,	0.0
158	,	0	,	.0498609	,	0.0
159	,	0	,	.0512987	,	0.0
160	,	0	,	.0527845	,	0.0
161	,	0	,	.0543200	,	0.0
162	,	0	,	.0559067	,	0.0
163	,	0	,	.0575464	,	0.0
164	,	0	,	.0592408	,	0.0
165	,	0	,	.0609918	,	0.0
166	,	0	,	.0628013	,	0.0
167	,	0	,	.0646712	,	0.0
168	,	0	,	.0666035	,	0.0
169	,	0	,	.0686004	,	0.0
170	,	0	,	.0706639	,	0.0
171	,	0	,	.0727964	,	0.0
172	,	0	,	.0750000	,	.4000-03
173	,	0	,	.0750000	,	.8000-03
174	,	0	,	.0750000	,	.0012000
175	,	0	,	.0750000	,	.0016000
176	,	0	,	.0750000	,	.0020000
177	,	0	,	.0750000	,	.0024000
178	,	0	,	.0750000	,	.0028000
179	,	0	,	.0750000	,	.0032000
180	,	0	,	.0750000	,	.0036000
181	,	0	,	.0727963	,	.0040000
182	,	0	,	.0706639	,	.0040000
183	,	0	,	.0686003	,	.0040000
184	,	0	,	.0666034	,	.0040000
185	,	0	,	.0646710	,	.0040000
186	,	0	,	.0628011	,	.0040000
187	,	0	,	.0609916	,	.0040000
188	,	0	,	.0592406	,	.0040000
189	,	0	,	.0575461	,	.0040000
190	,	0	,	.0559064	,	.0040000
191	,	0	,	.0543197	,	.0040000
192	,	0	,	.0527842	,	.0040000
193	,	0	,	.0512984	,	.0040000
194	,	0	,	.0498606	,	.0040000
195	,	0	,	.0484692	,	.0040000
196	,	0	,	.0471228	,	.0040000
197	,	0	,	.0458199	,	.0040000
198	,	0	,	.0445591	,	.0040000
199	,	0	,	.0433390	,	.0040000
200	,	0	,	.0421584	,	.0040000
201	,	0	,	.0410159	,	.0040000
202	,	0	,	.0399103	,	.0040000
203	,	0	,	.0388404	,	.0040000
204	,	0	,	.0378052	,	.0040000
205	,	0	,	.0368033	,	.0040000
206	,	0	,	.0358339	,	.0040000
207	,	0	,	.0348957	,	.0040000
208	,	0	,	.0339879	,	.0040000
209	,	0	,	.0331094	,	.0040000
210	,	0	,	.0322593	,	.0040000
211	,	0	,	.0314367	,	.0040000
212	,	0	,	.0306406	,	.0040000
213	,	0	,	.0298703	,	.0040000
214	,	0	,	.0291249	,	.0040000
215	,	0	,	.0284035	,	.0040000
216	,	0	,	.0277055	,	.0040000
217	,	0	,	.0270300	,	.0040000
218	,	0	,	.0263763	,	.0040000
219	,	0	,	.0257438	,	.0040000
220	,	0	,	.0251317	,	.0040000
221	,	0	,	.0245393	,	.0040000
222	,	0	,	.0239661	,	.0040000
223	,	0	,	.0234115	,	.0040000
224	,	0	,	.0228747	,	.0040000
225	,	0	,	.0223553	,	.0040000
226	,	0	,	.0218527	,	.0040000
227	,	0	,	.0213663	,	.0040000
228	,	0	,	.0208957	,	.0040000
229	,	0	,	.0204402	,	.0040000
230	,	0	,	.0196002	,	.4000-03
231	,	0	,	.0196001	,	.8000-03
232	,	0	,	.0196000	,	.0012000
233	,	0	,	.0196000	,	.0016000
234	,	0	,	.0195999	,	.0020000
235	,	0	,	.0195998	,	.0024000
236	,	0	,	.0195997	,	.0028000
237	,	0	,	.0195997	,	.0032000
238	,	0	,	.0195996	,	.0036000
239	,	0	,	.0192002	,	.4000-03
240	,	0	,	.0192001	,	.8000-03
241	,	0	,	.0192000	,	.0012000
242	,	0	,	.0192000	,	.0016000
243	,	0	,	.0191999	,	.0020000
244	,	0	,	.0191998	,	.0024000
245	,	0	,	.0191997	,	.0028000
246	,	0	,	.0191997	,	.0032000
247	,	0	,	.0191996	,	.0036000
248	,	0	,	.0188002	,	.4000-03
249	,	0	,	.0188001	,	.8000-03
250	,	0	,	.0188000	,	.0012000
251	,	0	,	.0188000	,	.0016000
252	,	0	,	.0187999	,	.0020000
253	,	0	,	.0187998	,	.0024000
254	,	0	,	.0187997	,	.0028000
255	,	0	,	.0187997	,	.0032000
256	,	0	,	.0187996	,	.0036000
257	,	0	,	.0184002	,	.4000-03
258	,	0	,	.0184001	,	.8000-03
259	,	0	,	.0184000	,	.0012000
260	,	0	,	.0184000	,	.0016000
261	,	0	,	.0183999	,	.0020000
262	,	0	,	.0183998	,	.0024000
263	,	0	,	.0183997	,	.0028000
264	,	0	,	.0183997	,	.0032000
265	,	0	,	.0183996	,	.0036000
266	,	0	,	.0180002	,	.4000-03
267	,	0	,	.0180001	,	.8000-03
268	,	0	,	.0180000	,	.0012000
269	,	0	,	.0180000	,	.0016000
270	,	0	,	.0179999	,	.0020000
271	,	0	,	.0179998	,	.0024000
272	,	0	,	.0179998	,	.0028000
273	,	0	,	.0179997	,	.0032000
274	,	0	,	.0179996	,	.0036000
275	,	0	,	.0176002	,	.4000-03
276	,	0	,	.0176001	,	.8000-03
277	,	0	,	.0176000	,	.0012000
278	,	0	,	.0176000	,	.0016000
279	,	0	,	.0175999	,	.0020000
280	,	0	,	.0175998	,	.0024000
281	,	0	,	.0175998	,	.0028000
282	,	0	,	.0175997	,	.0032000
283	,	0	,	.0175996	,	.0036000
284	,	0	,	.0172001	,	.4000-03
285	,	0	,	.0172001	,	.8000-03
286	,	0	,	.0172000	,	.0012000
287	,	0	,	.0172000	,	.0016000
288	,	0	,	.0171999	,	.0020000
289	,	0	,	.0171998	,	.0024000
290	,	0	,	.0171998	,	.0028000
291	,	0	,	.0171997	,	.0032000
292	,	0	,	.0171996	,	.0036000
293	,	0	,	.0168001	,	.4000-03
294	,	0	,	.0168001	,	.8000-03
295	,	0	,	.0168000	,	.0012000
296	,	0	,	.0168000	,	.0016000
297	,	0	,	.0167999	,	.0020000
298	,	0	,	.0167998	,	.0024000
299	,	0	,	.0167998	,	.0028000
300	,	0	,	.0167997	,	.0032000
301	,	0	,	.0167996	,	.0036000
302	,	0	,	.0164001	,	.4000-03
303	,	0	,	.0164001	,	.8000-03
304	,	0	,	.0164000	,	.0012000
305	,	0	,	.0164000	,	.0016000
306	,	0	,	.0163999	,	.0020000
307	,	0	,	.0163998	,	.0024000
308	,	0	,	.0163998	,	.0028000
309	,	0	,	.0163997	,	.0032000
310	,	0	,	.0163997	,	.0036000
311	,	0	,	.0160001	,	.4000-03
312	,	0	,	.0160001	,	.8000-03
313	,	0	,	.0160000	,	.0012000
314	,	0	,	.0160000	,	.0016000
315	,	0	,	.0159999	,	.0020000
316	,	0	,	.0159998	,	.0024000
317	,	0	,	.0159998	,	.0028000
318	,	0	,	.0159997	,	.0032000
319	,	0	,	.0159997	,	.0036000
320	,	0	,	.0156001	,	.4000-03
321	,	0	,	.0156001	,	.8000-03
322	,	0	,	.0156000	,	.0012000
323	,	0	,	.0156000	,	.0016000
324	,	0	,	.0155999	,	.0020000
325	,	0	,	.0155998	,	.0024000
326	,	0	,	.0155998	,	.0028000
327	,	0	,	.0155997	,	.0032000
328	,	0	,	.0155997	,	.0036000
329	,	0	,	.0152001	,	.4000-03
330	,	0	,	.0152001	,	.8000-03
331	,	0	,	.0152000	,	.0012000
332	,	0	,	.0152000	,	.0016000
333	,	0	,	.0151999	,	.0020000
334	,	0	,	.0151998	,	.0024000
335	,	0	,	.0151998	,	.0028000
336	,	0	,	.0151997	,	.0032000
337	,	0	,	.0151997	,	.0036000
338	,	0	,	.0148001	,	.4000-03
339	,	0	,	.0148001	,	.8000-03
340	,	0	,	.0148000	,	.0012000
341	,	0	,	.0148000	,	.0016000
342	,	0	,	.0147999	,	.0020000
343	,	0	,	.0147999	,	.0024000
344	,	0	,	.0147998	,	.0028000
345	,	0	,	.0147997	,	.0032000
346	,	0	,	.0147997	,	.0036000
347	,	0	,	.0144001	,	.4000-03
348	,	0	,	.0144001	,	.8000-03
349	,	0	,	.0144000	,	.0012000
350	,	0	,	.0144000	,	.0016000
351	,	0	,	.0143999	,	.0020000
352	,	0	,	.0143999	,	.0024000
353	,	0	,	.0143998	,	.0028000
354	,	0	,	.0143997	,	.0032000
355	,	0	,	.0143997	,	.0036000
356	,	0	,	.0140001	,	.4000-03
357	,	0	,	.0140001	,	.8000-03
358	,	0	,	.0140000	,	.0012000
359	,	0	,	.0140000	,	.0016000
360	,	0	,	.0139999	,	.0020000
361	,	0	,	.0139999	,	.0024000
362	,	0	,	.0139998	,	.0028000
363	,	0	,	.0139998	,	.0032000
364	,	0	,	.0139997	,	.0036000
365	,	0	,	.0136001	,	.4000-03
366	,	0	,	.0136001	,	.8000-03
367	,	0	,	.0136000	,	.0012000
368	,	0	,	.0136000	,	.0016000
369	,	0	,	.0135999	,	.0020000
370	,	0	,	.0135999	,	.0024000
371	,	0	,	.0135998	,	.0028000
372	,	0	,	.0135998	,	.0032000
373	,	0	,	.0135997	,	.0036000
374	,	0	,	.0132001	,	.4000-03
375	,	0	,	.0132001	,	.8000-03
376	,	0	,	.0132000	,	.0012000
377	,	0	,	.0132000	,	.0016000
378	,	0	,	.0131999	,	.0020000
379	,	0	,	.0131999	,	.0024000
380	,	0	,	.0131998	,	.0028000
381	,	0	,	.0131998	,	.0032000
382	,	0	,	.0131997	,	.0036000
383	,	0	,	.0128001	,	.4000-03
384	,	0	,	.0128001	,	.8000-03
385	,	0	,	.0128000	,	.0012000
386	,	0	,	.0128000	,	.0016000
387	,	0	,	.0127999	,	.0020000
388	,	0	,	.0127999	,	.0024000
389	,	0	,	.0127998	,	.0028000
390	,	0	,	.0127998	,	.0032000
391	,	0	,	.0127997	,	.0036000
392	,	0	,	.0124001	,	.4000-03
393	,	0	,	.0124001	,	.8000-03
394	,	0	,	.0124000	,	.0012000
395	,	0	,	.0124000	,	.0016000
396	,	0	,	.0123999	,	.0020000
397	,	0	,	.0123999	,	.0024000
398	,	0	,	.0123998	,	.0028000
399	,	0	,	.0123998	,	.0032000
400	,	0	,	.0123997	,	.0036000
401	,	0	,	.0120001	,	.4000-03
402	,	0	,	.0120001	,	.8000-03
403	,	0	,	.0120000	,	.0012000
404	,	0	,	.0120000	,	.0016000
405	,	0	,	.0119999	,	.0020000
406	,	0	,	.0119999	,	.0024000
407	,	0	,	.0119998	,	.0028000
408	,	0	,	.0119998	,	.0032000
409	,	0	,	.0119997	,	.0036000
410	,	0	,	.0116001	,	.4000-03
411	,	0	,	.0116001	,	.8000-03
412	,	0	,	.0116000	,	.0012000
413	,	0	,	.0116000	,	.0016000
414	,	0	,	.0115999	,	.0020000
415	,	0	,	.0115999	,	.0024000
416	,	0	,	.0115998	,	.0028000
417	,	0	,	.0115998	,	.0032000
418	,	0	,	.0115998	,	.0036000
419	,	0	,	.0112001	,	.4000-03
420	,	0	,	.0112001	,	.8000-03
421	,	0	,	.0112000	,	.0012000
422	,	0	,	.0112000	,	.0016000
423	,	0	,	.0111999	,	.0020000
424	,	0	,	.0111999	,	.0024000
425	,	0	,	.0111998	,	.0028000
426	,	0	,	.0111998	,	.0032000
427	,	0	,	.0111998	,	.0036000
428	,	0	,	.0108001	,	.4000-03
429	,	0	,	.0108001	,	.8000-03
430	,	0	,	.0108000	,	.0012000
431	,	0	,	.0108000	,	.0016000
432	,	0	,	.0107999	,	.0020000
433	,	0	,	.0107999	,	.0024000
434	,	0	,	.0107999	,	.0028000
435	,	0	,	.0107998	,	.0032000
436	,	0	,	.0107998	,	.0036000
437	,	0	,	.0104001	,	.4000-03
438	,	0	,	.0104001	,	.8000-03
439	,	0	,	.0104000	,	.0012000
440	,	0	,	.0104000	,	.0016000
441	,	0	,	.0103999	,	.0020000
442	,	0	,	.0103999	,	.0024000
443	,	0	,	.0103999	,	.0028000
444	,	0	,	.0103998	,	.0032000
445	,	0	,	.0103998	,	.0036000
446	,	0	,	.0100001	,	.4000-03
447	,	0	,	.0100001	,	.8000-03
448	,	0	,	.0100000	,	.0012000
449	,	0	,	.0100000	,	.0016000
450	,	0	,	.0099999	,	.0020000
451	,	0	,	.0099999	,	.0024000
452	,	0	,	.0099999	,	.0028000
453	,	0	,	.0099998	,	.0032000
454	,	0	,	.0099998	,	.0036000
455	,	0	,	.0096001	,	.4000-03
456	,	0	,	.0096000	,	.8000-03
457	,	0	,	.0096000	,	.0012000
458	,	0	,	.0096000	,	.0016000
459	,	0	,	.0095999	,	.0020000
460	,	0	,	.0095999	,	.0024000
461	,	0	,	.0095999	,	.0028000
462	,	0	,	.0095998	,	.0032000
463	,	0	,	.0095998	,	.0036000
464	,	0	,	.0092001	,	.4000-03
465	,	0	,	.0092000	,	.8000-03
466	,	0	,	.0092000	,	.0012000
467	,	0	,	.0092000	,	.0016000
468	,	0	,	.0091999	,	.0020000
469	,	0	,	.0091999	,	.0024000
470	,	0	,	.0091999	,	.0028000
471	,	0	,	.0091998	,	.0032000
472	,	0	,	.0091998	,	.0036000
473	,	0	,	.0088001	,	.4000-03
474	,	0	,	.0088000	,	.8000-03
475	,	0	,	.0088000	,	.0012000
476	,	0	,	.0088000	,	.0016000
477	,	0	,	.0087999	,	.0020000
478	,	0	,	.0087999	,	.0024000
479	,	0	,	.0087999	,	.0028000
480	,	0	,	.0087998	,	.0032000
481	,	0	,	.0087998	,	.0036000
482	,	0	,	.0084001	,	.4000-03
483	,	0	,	.0084000	,	.8000-03
484	,	0	,	.0084000	,	.0012000
485	,	0	,	.0084000	,	.0016000
486	,	0	,	.0083999	,	.0020000
487	,	0	,	.0083999	,	.0024000
488	,	0	,	.0083999	,	.0028000
489	,	0	,	.0083999	,	.0032000
490	,	0	,	.0083998	,	.0036000
491	,	0	,	.0080001	,	.4000-03
492	,	0	,	.0080000	,	.8000-03
493	,	0	,	.0080000	,	.0012000
494	,	0	,	.0080000	,	.0016000
495	,	0	,	.0080000	,	.0020000
496	,	0	,	.0079999	,	.0024000
497	,	0	,	.0079999	,	.0028000
498	,	0	,	.0079999	,	.0032000
499	,	0	,	.0079998	,	.0036000
500	,	0	,	.0076001	,	.4000-03
501	,	0	,	.0076000	,	.8000-03
502	,	0	,	.0076000	,	.0012000
503	,	0	,	.0076000	,	.0016000
504	,	0	,	.0076000	,	.0020000
505	,	0	,	.0075999	,	.0024000
506	,	0	,	.0075999	,	.0028000
507	,	0	,	.0075999	,	.0032000
508	,	0	,	.0075998	,	.0036000
509	,	0	,	.0072001	,	.4000-03
510	,	0	,	.0072000	,	.8000-03
511	,	0	,	.0072000	,	.0012000
512	,	0	,	.0072000	,	.0016000
513	,	0	,	.0072000	,	.0020000
514	,	0	,	.0071999	,	.0024000
515	,	0	,	.0071999	,	.0028000
516	,	0	,	.0071999	,	.0032000
517	,	0	,	.0071998	,	.0036000
518	,	0	,	.0068001	,	.4000-03
519	,	0	,	.0068000	,	.8000-03
520	,	0	,	.0068000	,	.0012000
521	,	0	,	.0068000	,	.0016000
522	,	0	,	.0068000	,	.0020000
523	,	0	,	.0067999	,	.0024000
524	,	0	,	.0067999	,	.0028000
525	,	0	,	.0067999	,	.0032000
526	,	0	,	.0067999	,	.0036000
527	,	0	,	.0064001	,	.4000-03
528	,	0	,	.0064000	,	.8000-03
529	,	0	,	.0064000	,	.0012000
530	,	0	,	.0064000	,	.0016000
531	,	0	,	.0064000	,	.0020000
532	,	0	,	.0063999	,	.0024000
533	,	0	,	.0063999	,	.0028000
534	,	0	,	.0063999	,	.0032000
535	,	0	,	.0063999	,	.0036000
536	,	0	,	.0060001	,	.4000-03
537	,	0	,	.0060000	,	.8000-03
538	,	0	,	.0060000	,	.0012000
539	,	0	,	.0060000	,	.0016000
540	,	0	,	.0060000	,	.0020000
541	,	0	,	.0059999	,	.0024000
542	,	0	,	.0059999	,	.0028000
543	,	0	,	.0059999	,	.0032000
544	,	0	,	.0059999	,	.0036000
545	,	0	,	.0056000	,	.4000-03
546	,	0	,	.0056000	,	.8000-03
547	,	0	,	.0056000	,	.0012000
548	,	0	,	.0056000	,	.0016000
549	,	0	,	.0056000	,	.0020000
550	,	0	,	.0055999	,	.0024000
551	,	0	,	.0055999	,	.0028000
552	,	0	,	.0055999	,	.0032000
553	,	0	,	.0055999	,	.0036000
554	,	0	,	.0052000	,	.4000-03
555	,	0	,	.0052000	,	.8000-03
556	,	0	,	.0052000	,	.0012000
557	,	0	,	.0052000	,	.0016000
558	,	0	,	.0052000	,	.0020000
559	,	0	,	.0051999	,	.0024000
560	,	0	,	.0051999	,	.0028000
561	,	0	,	.0051999	,	.0032000
562	,	0	,	.0051999	,	.0036000
563	,	0	,	.0048000	,	.4000-03
564	,	0	,	.0048000	,	.8000-03
565	,	0	,	.0048000	,	.0012000
566	,	0	,	.0048000	,	.0016000
567	,	0	,	.0048000	,	.0020000
568	,	0	,	.0048000	,	.0024000
569	,	0	,	.0047999	,	.0028000
570	,	0	,	.0047999	,	.0032000
571	,	0	,	.0047999	,	.0036000
572	,	0	,	.0044000	,	.4000-03
573	,	0	,	.0044000	,	.8000-03
574	,	0	,	.0044000	,	.0012000
575	,	0	,	.0044000	,	.0016000
576	,	0	,	.0044000	,	.0020000
577	,	0	,	.0044000	,	.0024000
578	,	0	,	.0043999	,	.0028000
579	,	0	,	.0043999	,	.0032000
580	,	0	,	.0043999	,	.0036000
581	,	0	,	.0040000	,	.4000-03
582	,	0	,	.0040000	,	.8000-03
583	,	0	,	.0040000	,	.0012000
584	,	0	,	.0040000	,	.0016000
585	,	0	,	.0040000	,	.0020000
586	,	0	,	.0040000	,	.0024000
587	,	0	,	.0039999	,	.0028000
588	,	0	,	.0039999	,	.0032000
589	,	0	,	.0039999	,	.0036000
590	,	0	,	.0036000	,	.4000-03
591	,	0	,	.0036000	,	.8000-03
592	,	0	,	.0036000	,	.0012000
593	,	0	,	.0036000	,	.0016000
594	,	0	,	.0036000	,	.0020000
595	,	0	,	.0036000	,	.0024000
596	,	0	,	.0036000	,	.0028000
597	,	0	,	.0035999	,	.0032000
598	,	0	,	.0035999	,	.0036000
599	,	0	,	.0032000	,	.4000-03
600	,	0	,	.0032000	,	.8000-03
601	,	0	,	.0032000	,	.0012000
602	,	0	,	.0032000	,	.0016000
603	,	0	,	.0032000	,	.0020000
604	,	0	,	.0032000	,	.0024000
605	,	0	,	.0032000	,	.0028000
606	,	0	,	.0031999	,	.0032000
607	,	0	,	.0031999	,	.0036000
608	,	0	,	.0028000	,	.4000-03
609	,	0	,	.0028000	,	.8000-03
610	,	0	,	.0028000	,	.0012000
611	,	0	,	.0028000	,	.0016000
612	,	0	,	.0028000	,	.0020000
613	,	0	,	.0028000	,	.0024000
614	,	0	,	.0028000	,	.0028000
615	,	0	,	.0028000	,	.0032000
616	,	0	,	.0027999	,	.0036000
617	,	0	,	.0024000	,	.4000-03
618	,	0	,	.0024000	,	.8000-03
619	,	0	,	.0024000	,	.0012000
620	,	0	,	.0024000	,	.0016000
621	,	0	,	.0024000	,	.0020000
622	,	0	,	.0024000	,	.0024000
623	,	0	,	.0024000	,	.0028000
624	,	0	,	.0024000	,	.0032000
625	,	0	,	.0023999	,	.0036000
626	,	0	,	.0020000	,	.4000-03
627	,	0	,	.0020000	,	.8000-03
628	,	0	,	.0020000	,	.0012000
629	,	0	,	.0020000	,	.0016000
630	,	0	,	.0020000	,	.0020000
631	,	0	,	.0020000	,	.0024000
632	,	0	,	.0020000	,	.0028000
633	,	0	,	.0020000	,	.0032000
634	,	0	,	.0020000	,	.0036000
635	,	0	,	.0016000	,	.4000-03
636	,	0	,	.0016000	,	.8000-03
637	,	0	,	.0016000	,	.0012000
638	,	0	,	.0016000	,	.0016000
639	,	0	,	.0016000	,	.0020000
640	,	0	,	.0016000	,	.0024000
641	,	0	,	.0016000	,	.0028000
642	,	0	,	.0016000	,	.0032000
643	,	0	,	.0016000	,	.0036000
644	,	0	,	.0012000	,	.4000-03
645	,	0	,	.0012000	,	.8000-03
646	,	0	,	.0012000	,	.0012000
647	,	0	,	.0012000	,	.0016000
648	,	0	,	.0012000	,	.0020000
649	,	0	,	.0012000	,	.0024000
650	,	0	,	.0012000	,	.0028000
651	,	0	,	.0012000	,	.0032000
652	,	0	,	.0012000	,	.0036000
653	,	0	,	.8000-03	,	.4000-03
654	,	0	,	.8000-03	,	.8000-03
655	,	0	,	.8000-03	,	.0012000
656	,	0	,	.8000-03	,	.0016000
657	,	0	,	.8000-03	,	.0020000
658	,	0	,	.8000-03	,	.0024000
659	,	0	,	.8000-03	,	.0028000
660	,	0	,	.8000-03	,	.0032000
661	,	0	,	.8000-03	,	.0036000
662	,	0	,	.4000-03	,	.4000-03
663	,	0	,	.4000-03	,	.8000-03
664	,	0	,	.4000-03	,	.0012000
665	,	0	,	.4000-03	,	.0016000
666	,	0	,	.4000-03	,	.0020000
667	,	0	,	.4000-03	,	.0024000
668	,	0	,	.4000-03	,	.0028000
669	,	0	,	.4000-03	,	.0032000
670	,	0	,	.4000-03	,	.0036000
671	,	0	,	.0204403	,	.0036000
672	,	0	,	.0204404	,	.0032000
673	,	0	,	.0204405	,	.0028000
674	,	0	,	.0204405	,	.0024000
675	,	0	,	.0204406	,	.0020000
676	,	0	,	.0204407	,	.0016000
677	,	0	,	.0204408	,	.0012000
678	,	0	,	.0204408	,	.8000-03
679	,	0	,	.0204409	,	.4000-03
680	,	0	,	.0208958	,	.0036000
681	,	0	,	.0208958	,	.0032000
682	,	0	,	.0208959	,	.0028000
683	,	0	,	.0208960	,	.0024000
684	,	0	,	.0208961	,	.0020000
685	,	0	,	.0208961	,	.0016000
686	,	0	,	.0208962	,	.0012000
687	,	0	,	.0208963	,	.8000-03
688	,	0	,	.0208964	,	.4000-03
689	,	0	,	.0213664	,	.0036000
690	,	0	,	.0213665	,	.0032000
691	,	0	,	.0213666	,	.0028000
692	,	0	,	.0213666	,	.0024000
693	,	0	,	.0213667	,	.0020000
694	,	0	,	.0213668	,	.0016000
695	,	0	,	.0213669	,	.0012000
696	,	0	,	.0213669	,	.8000-03
697	,	0	,	.0213670	,	.4000-03
698	,	0	,	.0218528	,	.0036000
699	,	0	,	.0218529	,	.0032000
700	,	0	,	.0218529	,	.0028000
701	,	0	,	.0218530	,	.0024000
702	,	0	,	.0218531	,	.0020000
703	,	0	,	.0218532	,	.0016000
704	,	0	,	.0218532	,	.0012000
705	,	0	,	.0218533	,	.8000-03
706	,	0	,	.0218534	,	.4000-03
707	,	0	,	.0223554	,	.0036000
708	,	0	,	.0223555	,	.0032000
709	,	0	,	.0223556	,	.0028000
710	,	0	,	.0223556	,	.0024000
711	,	0	,	.0223557	,	.0020000
712	,	0	,	.0223558	,	.0016000
713	,	0	,	.0223558	,	.0012000
714	,	0	,	.0223559	,	.8000-03
715	,	0	,	.0223560	,	.4000-03
716	,	0	,	.0228748	,	.0036000
717	,	0	,	.0228749	,	.0032000
718	,	0	,	.0228750	,	.0028000
719	,	0	,	.0228750	,	.0024000
720	,	0	,	.0228751	,	.0020000
721	,	0	,	.0228752	,	.0016000
722	,	0	,	.0228752	,	.0012000
723	,	0	,	.0228753	,	.8000-03
724	,	0	,	.0228754	,	.4000-03
725	,	0	,	.0234116	,	.0036000
726	,	0	,	.0234116	,	.0032000
727	,	0	,	.0234117	,	.0028000
728	,	0	,	.0234118	,	.0024000
729	,	0	,	.0234118	,	.0020000
730	,	0	,	.0234119	,	.0016000
731	,	0	,	.0234120	,	.0012000
732	,	0	,	.0234120	,	.8000-03
733	,	0	,	.0234121	,	.4000-03
734	,	0	,	.0239662	,	.0036000
735	,	0	,	.0239663	,	.0032000
736	,	0	,	.0239664	,	.0028000
737	,	0	,	.0239664	,	.0024000
738	,	0	,	.0239665	,	.0020000
739	,	0	,	.0239666	,	.0016000
740	,	0	,	.0239666	,	.0012000
741	,	0	,	.0239667	,	.8000-03
742	,	0	,	.0239668	,	.4000-03
743	,	0	,	.0245394	,	.0036000
744	,	0	,	.0245395	,	.0032000
745	,	0	,	.0245395	,	.0028000
746	,	0	,	.0245396	,	.0024000
747	,	0	,	.0245397	,	.0020000
748	,	0	,	.0245397	,	.0016000
749	,	0	,	.0245398	,	.0012000
750	,	0	,	.0245399	,	.8000-03
751	,	0	,	.0245400	,	.4000-03
752	,	0	,	.0251317	,	.0036000
753	,	0	,	.0251318	,	.0032000
754	,	0	,	.0251319	,	.0028000
755	,	0	,	.0251319	,	.0024000
756	,	0	,	.0251320	,	.0020000
757	,	0	,	.0251321	,	.0016000
758	,	0	,	.0251321	,	.0012000
759	,	0	,	.0251322	,	.8000-03
760	,	0	,	.0251323	,	.4000-03
761	,	0	,	.0257438	,	.0036000
762	,	0	,	.0257439	,	.0032000
763	,	0	,	.0257440	,	.0028000
764	,	0	,	.0257440	,	.0024000
765	,	0	,	.0257441	,	.0020000
766	,	0	,	.0257442	,	.0016000
767	,	0	,	.0257442	,	.0012000
768	,	0	,	.0257443	,	.8000-03
769	,	0	,	.0257444	,	.4000-03
770	,	0	,	.0263764	,	.0036000
771	,	0	,	.0263764	,	.0032000
772	,	0	,	.0263765	,	.0028000
773	,	0	,	.0263766	,	.0024000
774	,	0	,	.0263766	,	.0020000
775	,	0	,	.0263767	,	.0016000
776	,	0	,	.0263768	,	.0012000
777	,	0	,	.0263768	,	.8000-03
778	,	0	,	.0263769	,	.4000-03
779	,	0	,	.0270300	,	.0036000
780	,	0	,	.0270301	,	.0032000
781	,	0	,	.0270302	,	.0028000
782	,	0	,	.0270302	,	.0024000
783	,	0	,	.0270303	,	.0020000
784	,	0	,	.0270304	,	.0016000
785	,	0	,	.0270304	,	.0012000
786	,	0	,	.0270305	,	.8000-03
787	,	0	,	.0270306	,	.4000-03
788	,	0	,	.0277055	,	.0036000
789	,	0	,	.0277056	,	.0032000
790	,	0	,	.0277056	,	.0028000
791	,	0	,	.0277057	,	.0024000
792	,	0	,	.0277058	,	.0020000
793	,	0	,	.0277058	,	.0016000
794	,	0	,	.0277059	,	.0012000
795	,	0	,	.0277060	,	.8000-03
796	,	0	,	.0277060	,	.4000-03
797	,	0	,	.0284036	,	.0036000
798	,	0	,	.0284036	,	.0032000
799	,	0	,	.0284037	,	.0028000
800	,	0	,	.0284038	,	.0024000
801	,	0	,	.0284038	,	.0020000
802	,	0	,	.0284039	,	.0016000
803	,	0	,	.0284039	,	.0012000
804	,	0	,	.0284040	,	.8000-03
805	,	0	,	.0284041	,	.4000-03
806	,	0	,	.0291249	,	.0036000
807	,	0	,	.0291250	,	.0032000
808	,	0	,	.0291250	,	.0028000
809	,	0	,	.0291251	,	.0024000
810	,	0	,	.0291252	,	.0020000
811	,	0	,	.0291252	,	.0016000
812	,	0	,	.0291253	,	.0012000
813	,	0	,	.0291254	,	.8000-03
814	,	0	,	.0291254	,	.4000-03
815	,	0	,	.0298704	,	.0036000
816	,	0	,	.0298704	,	.0032000
817	,	0	,	.0298705	,	.0028000
818	,	0	,	.0298705	,	.0024000
819	,	0	,	.0298706	,	.0020000
820	,	0	,	.0298707	,	.0016000
821	,	0	,	.0298707	,	.0012000
822	,	0	,	.0298708	,	.8000-03
823	,	0	,	.0298708	,	.4000-03
824	,	0	,	.0306407	,	.0036000
825	,	0	,	.0306407	,	.0032000
826	,	0	,	.0306408	,	.0028000
827	,	0	,	.0306409	,	.0024000
828	,	0	,	.0306409	,	.0020000
829	,	0	,	.0306410	,	.0016000
830	,	0	,	.0306410	,	.0012000
831	,	0	,	.0306411	,	.8000-03
832	,	0	,	.0306412	,	.4000-03
833	,	0	,	.0314367	,	.0036000
834	,	0	,	.0314368	,	.0032000
835	,	0	,	.0314369	,	.0028000
836	,	0	,	.0314369	,	.0024000
837	,	0	,	.0314370	,	.0020000
838	,	0	,	.0314370	,	.0016000
839	,	0	,	.0314371	,	.0012000
840	,	0	,	.0314372	,	.8000-03
841	,	0	,	.0314372	,	.4000-03
842	,	0	,	.0322594	,	.0036000
843	,	0	,	.0322594	,	.0032000
844	,	0	,	.0322595	,	.0028000
845	,	0	,	.0322595	,	.0024000
846	,	0	,	.0322596	,	.0020000
847	,	0	,	.0322597	,	.0016000
848	,	0	,	.0322597	,	.0012000
849	,	0	,	.0322598	,	.8000-03
850	,	0	,	.0322598	,	.4000-03
851	,	0	,	.0331095	,	.0036000
852	,	0	,	.0331095	,	.0032000
853	,	0	,	.0331096	,	.0028000
854	,	0	,	.0331096	,	.0024000
855	,	0	,	.0331097	,	.0020000
856	,	0	,	.0331098	,	.0016000
857	,	0	,	.0331098	,	.0012000
858	,	0	,	.0331099	,	.8000-03
859	,	0	,	.0331099	,	.4000-03
860	,	0	,	.0339880	,	.0036000
861	,	0	,	.0339880	,	.0032000
862	,	0	,	.0339881	,	.0028000
863	,	0	,	.0339881	,	.0024000
864	,	0	,	.0339882	,	.0020000
865	,	0	,	.0339882	,	.0016000
866	,	0	,	.0339883	,	.0012000
867	,	0	,	.0339884	,	.8000-03
868	,	0	,	.0339884	,	.4000-03
869	,	0	,	.0348958	,	.0036000
870	,	0	,	.0348958	,	.0032000
871	,	0	,	.0348959	,	.0028000
872	,	0	,	.0348959	,	.0024000
873	,	0	,	.0348960	,	.0020000
874	,	0	,	.0348961	,	.0016000
875	,	0	,	.0348961	,	.0012000
876	,	0	,	.0348962	,	.8000-03
877	,	0	,	.0348962	,	.4000-03
878	,	0	,	.0358339	,	.0036000
879	,	0	,	.0358340	,	.0032000
880	,	0	,	.0358340	,	.0028000
881	,	0	,	.0358341	,	.0024000
882	,	0	,	.0358341	,	.0020000
883	,	0	,	.0358342	,	.0016000
884	,	0	,	.0358342	,	.0012000
885	,	0	,	.0358343	,	.8000-03
886	,	0	,	.0358343	,	.4000-03
887	,	0	,	.0368034	,	.0036000
888	,	0	,	.0368034	,	.0032000
889	,	0	,	.0368035	,	.0028000
890	,	0	,	.0368035	,	.0024000
891	,	0	,	.0368036	,	.0020000
892	,	0	,	.0368036	,	.0016000
893	,	0	,	.0368037	,	.0012000
894	,	0	,	.0368037	,	.8000-03
895	,	0	,	.0368038	,	.4000-03
896	,	0	,	.0378052	,	.0036000
897	,	0	,	.0378053	,	.0032000
898	,	0	,	.0378053	,	.0028000
899	,	0	,	.0378054	,	.0024000
900	,	0	,	.0378054	,	.0020000
901	,	0	,	.0378055	,	.0016000
902	,	0	,	.0378055	,	.0012000
903	,	0	,	.0378056	,	.8000-03
904	,	0	,	.0378056	,	.4000-03
905	,	0	,	.0388405	,	.0036000
906	,	0	,	.0388405	,	.0032000
907	,	0	,	.0388406	,	.0028000
908	,	0	,	.0388406	,	.0024000
909	,	0	,	.0388407	,	.0020000
910	,	0	,	.0388407	,	.0016000
911	,	0	,	.0388408	,	.0012000
912	,	0	,	.0388408	,	.8000-03
913	,	0	,	.0388409	,	.4000-03
914	,	0	,	.0399103	,	.0036000
915	,	0	,	.0399104	,	.0032000
916	,	0	,	.0399104	,	.0028000
917	,	0	,	.0399105	,	.0024000
918	,	0	,	.0399105	,	.0020000
919	,	0	,	.0399106	,	.0016000
920	,	0	,	.0399106	,	.0012000
921	,	0	,	.0399107	,	.8000-03
922	,	0	,	.0399107	,	.4000-03
923	,	0	,	.0410159	,	.0036000
924	,	0	,	.0410160	,	.0032000
925	,	0	,	.0410160	,	.0028000
926	,	0	,	.0410161	,	.0024000
927	,	0	,	.0410161	,	.0020000
928	,	0	,	.0410162	,	.0016000
929	,	0	,	.0410162	,	.0012000
930	,	0	,	.0410162	,	.8000-03
931	,	0	,	.0410163	,	.4000-03
932	,	0	,	.0421584	,	.0036000
933	,	0	,	.0421585	,	.0032000
934	,	0	,	.0421585	,	.0028000
935	,	0	,	.0421585	,	.0024000
936	,	0	,	.0421586	,	.0020000
937	,	0	,	.0421586	,	.0016000
938	,	0	,	.0421587	,	.0012000
939	,	0	,	.0421587	,	.8000-03
940	,	0	,	.0421588	,	.4000-03
941	,	0	,	.0433391	,	.0036000
942	,	0	,	.0433391	,	.0032000
943	,	0	,	.0433391	,	.0028000
944	,	0	,	.0433392	,	.0024000
945	,	0	,	.0433392	,	.0020000
946	,	0	,	.0433393	,	.0016000
947	,	0	,	.0433393	,	.0012000
948	,	0	,	.0433394	,	.8000-03
949	,	0	,	.0433394	,	.4000-03
950	,	0	,	.0445591	,	.0036000
951	,	0	,	.0445592	,	.0032000
952	,	0	,	.0445592	,	.0028000
953	,	0	,	.0445592	,	.0024000
954	,	0	,	.0445593	,	.0020000
955	,	0	,	.0445593	,	.0016000
956	,	0	,	.0445594	,	.0012000
957	,	0	,	.0445594	,	.8000-03
958	,	0	,	.0445595	,	.4000-03
959	,	0	,	.0458199	,	.0036000
960	,	0	,	.0458200	,	.0032000
961	,	0	,	.0458200	,	.0028000
962	,	0	,	.0458200	,	.0024000
963	,	0	,	.0458201	,	.0020000
964	,	0	,	.0458201	,	.0016000
965	,	0	,	.0458202	,	.0012000
966	,	0	,	.0458202	,	.8000-03
967	,	0	,	.0458202	,	.4000-03
968	,	0	,	.0471228	,	.0036000
969	,	0	,	.0471229	,	.0032000
970	,	0	,	.0471229	,	.0028000
971	,	0	,	.0471229	,	.0024000
972	,	0	,	.0471230	,	.0020000
973	,	0	,	.0471230	,	.0016000
974	,	0	,	.0471231	,	.0012000
975	,	0	,	.0471231	,	.8000-03
976	,	0	,	.0471231	,	.4000-03
977	,	0	,	.0484692	,	.0036000
978	,	0	,	.0484693	,	.0032000
979	,	0	,	.0484693	,	.0028000
980	,	0	,	.0484693	,	.0024000
981	,	0	,	.0484694	,	.0020000
982	,	0	,	.0484694	,	.0016000
983	,	0	,	.0484695	,	.0012000
984	,	0	,	.0484695	,	.8000-03
985	,	0	,	.0484695	,	.4000-03
986	,	0	,	.0498606	,	.0036000
987	,	0	,	.0498606	,	.0032000
988	,	0	,	.0498607	,	.0028000
989	,	0	,	.0498607	,	.0024000
990	,	0	,	.0498607	,	.0020000
991	,	0	,	.0498608	,	.0016000
992	,	0	,	.0498608	,	.0012000
993	,	0	,	.0498608	,	.8000-03
994	,	0	,	.0498609	,	.4000-03
995	,	0	,	.0512984	,	.0036000
996	,	0	,	.0512985	,	.0032000
997	,	0	,	.0512985	,	.0028000
998	,	0	,	.0512985	,	.0024000
999	,	0	,	.0512986	,	.0020000
1000	,	0	,	.0512986	,	.0016000
1001	,	0	,	.0512986	,	.0012000
1002	,	0	,	.0512987	,	.8000-03
1003	,	0	,	.0512987	,	.4000-03
1004	,	0	,	.0527843	,	.0036000
1005	,	0	,	.0527843	,	.0032000
1006	,	0	,	.0527843	,	.0028000
1007	,	0	,	.0527844	,	.0024000
1008	,	0	,	.0527844	,	.0020000
1009	,	0	,	.0527844	,	.0016000
1010	,	0	,	.0527844	,	.0012000
1011	,	0	,	.0527845	,	.8000-03
1012	,	0	,	.0527845	,	.4000-03
1013	,	0	,	.0543197	,	.0036000
1014	,	0	,	.0543197	,	.0032000
1015	,	0	,	.0543198	,	.0028000
1016	,	0	,	.0543198	,	.0024000
1017	,	0	,	.0543198	,	.0020000
1018	,	0	,	.0543199	,	.0016000
1019	,	0	,	.0543199	,	.0012000
1020	,	0	,	.0543199	,	.8000-03
1021	,	0	,	.0543199	,	.4000-03
1022	,	0	,	.0559064	,	.0036000
1023	,	0	,	.0559065	,	.0032000
1024	,	0	,	.0559065	,	.0028000
1025	,	0	,	.0559065	,	.0024000
1026	,	0	,	.0559065	,	.0020000
1027	,	0	,	.0559066	,	.0016000
1028	,	0	,	.0559066	,	.0012000
1029	,	0	,	.0559066	,	.8000-03
1030	,	0	,	.0559066	,	.4000-03
1031	,	0	,	.0575461	,	.0036000
1032	,	0	,	.0575462	,	.0032000
1033	,	0	,	.0575462	,	.0028000
1034	,	0	,	.0575462	,	.0024000
1035	,	0	,	.0575462	,	.0020000
1036	,	0	,	.0575463	,	.0016000
1037	,	0	,	.0575463	,	.0012000
1038	,	0	,	.0575463	,	.8000-03
1039	,	0	,	.0575463	,	.4000-03
1040	,	0	,	.0592406	,	.0036000
1041	,	0	,	.0592406	,	.0032000
1042	,	0	,	.0592406	,	.0028000
1043	,	0	,	.0592407	,	.0024000
1044	,	0	,	.0592407	,	.0020000
1045	,	0	,	.0592407	,	.0016000
1046	,	0	,	.0592407	,	.0012000
1047	,	0	,	.0592407	,	.8000-03
1048	,	0	,	.0592408	,	.4000-03
1049	,	0	,	.0609916	,	.0036000
1050	,	0	,	.0609916	,	.0032000
1051	,	0	,	.0609917	,	.0028000
1052	,	0	,	.0609917	,	.0024000
1053	,	0	,	.0609917	,	.0020000
1054	,	0	,	.0609917	,	.0016000
1055	,	0	,	.0609917	,	.0012000
1056	,	0	,	.0609918	,	.8000-03
1057	,	0	,	.0609918	,	.4000-03
1058	,	0	,	.0628011	,	.0036000
1059	,	0	,	.0628011	,	.0032000
1060	,	0	,	.0628012	,	.0028000
1061	,	0	,	.0628012	,	.0024000
1062	,	0	,	.0628012	,	.0020000
1063	,	0	,	.0628012	,	.0016000
1064	,	0	,	.0628012	,	.0012000
1065	,	0	,	.0628012	,	.8000-03
1066	,	0	,	.0628013	,	.4000-03
1067	,	0	,	.0646710	,	.0036000
1068	,	0	,	.0646711	,	.0032000
1069	,	0	,	.0646711	,	.0028000
1070	,	0	,	.0646711	,	.0024000
1071	,	0	,	.0646711	,	.0020000
1072	,	0	,	.0646711	,	.0016000
1073	,	0	,	.0646711	,	.0012000
1074	,	0	,	.0646711	,	.8000-03
1075	,	0	,	.0646712	,	.4000-03
1076	,	0	,	.0666034	,	.0036000
1077	,	0	,	.0666034	,	.0032000
1078	,	0	,	.0666034	,	.0028000
1079	,	0	,	.0666034	,	.0024000
1080	,	0	,	.0666035	,	.0020000
1081	,	0	,	.0666035	,	.0016000
1082	,	0	,	.0666035	,	.0012000
1083	,	0	,	.0666035	,	.8000-03
1084	,	0	,	.0666035	,	.4000-03
1085	,	0	,	.0686003	,	.0036000
1086	,	0	,	.0686003	,	.0032000
1087	,	0	,	.0686003	,	.0028000
1088	,	0	,	.0686003	,	.0024000
1089	,	0	,	.0686003	,	.0020000
1090	,	0	,	.0686003	,	.0016000
1091	,	0	,	.0686003	,	.0012000
1092	,	0	,	.0686004	,	.8000-03
1093	,	0	,	.0686004	,	.4000-03
1094	,	0	,	.0706639	,	.0036000
1095	,	0	,	.0706639	,	.0032000
1096	,	0	,	.0706639	,	.0028000
1097	,	0	,	.0706639	,	.0024000
1098	,	0	,	.0706639	,	.0020000
1099	,	0	,	.0706639	,	.0016000
1100	,	0	,	.0706639	,	.0012000
1101	,	0	,	.0706639	,	.8000-03
1102	,	0	,	.0706639	,	.4000-03
1103	,	0	,	.0727963	,	.0036000
1104	,	0	,	.0727963	,	.0032000
1105	,	0	,	.0727963	,	.0028000
1106	,	0	,	.0727963	,	.0024000
1107	,	0	,	.0727963	,	.0020000
1108	,	0	,	.0727963	,	.0016000
1109	,	0	,	.0727963	,	.0012000
1110	,	0	,	.0727963	,	.8000-03
1111	,	0	,	.0727964	,	.4000-03