1.0 0.0 0.0 0.0 0.0 0.0 0.0 0.0 0.0 0.0 0.0 0.0 0.0 0.0 0.0 0.0

0.0 1.0 0.0 0.0 0.0 0.0 0.0 0.0 0.0 0.0 0.0 0.0 0.0 0.0 0.0 0.0

0.0 0.0 1.0 0.0 0.0 0.0 0.0 0.0 0.0 0.0 0.0 0.0 0.0 0.0 0.0 0.0

0.0 0.0 0.0 1.0 0.0 0.0 0.0 0.0 0.0 0.0 0.0 0.0 0.0 0.0 0.0 0.0

0.0 0.0 0.0 0.0 0.020901230639076503 2.5554459895923707e-19 0.0 0.0 0.0 0.0 0.0 0.0 0.01045061531953825 1.2777229947961848e-19 0.0 0.0

0.0 0.0 0.0 0.0 -0.0016081967247349217 0.002660156626791554 0.0 0.0 0.0 0.0 0.0 0.0 5.421010862427522e-20 0.0013300783133957756 0.0 0.0

0.0 0.0 0.0 0.0 0.0 0.0 0.020901230639076503 2.5554459895923707e-19 0.0 0.0 0.0 0.0 0.0 0.0 0.01045061531953825 1.2777229947961848e-19

0.0 0.0 0.0 0.0 0.0 0.0 -0.0016081967247349217 0.002660156626791554 0.0 0.0 0.0 0.0 0.0 0.0 5.421010862427522e-20 0.0013300783133957756

0.0 0.0 0.0 0.0 0.0 0.0 0.0 0.0 1.0 0.0 0.0 0.0 0.0 0.0 0.0 0.0

0.0 0.0 0.0 0.0 0.0 0.0 0.0 0.0 0.0 1.0 0.0 0.0 0.0 0.0 0.0 0.0

0.0 0.0 0.0 0.0 0.0 0.0 0.0 0.0 0.0 0.0 1.0 0.0 0.0 0.0 0.0 0.0

0.0 0.0 0.0 0.0 0.0 0.0 0.0 0.0 0.0 0.0 0.0 1.0 0.0 0.0 0.0 0.0

0.0 0.0 0.0 0.0 0.01045061531953825 1.2777229947961848e-19 0.0 0.0 0.0 0.0 0.0 0.0 0.020901230639076503 2.5554459895923707e-19 0.0 0.0

0.0 0.0 0.0 0.0 5.421010862427522e-20 0.0013300783133957767 0.0 0.0 0.0 0.0 0.0 0.0 0.0016081967247349217 0.0026601566267915534 0.0 0.0

0.0 0.0 0.0 0.0 0.0 0.0 0.01045061531953825 1.2777229947961848e-19 0.0 0.0 0.0 0.0 0.0 0.0 0.020901230639076503 2.5554459895923707e-19

0.0 0.0 0.0 0.0 0.0 0.0 5.421010862427522e-20 0.0013300783133957767 0.0 0.0 0.0 0.0 0.0 0.0 0.0016081967247349217 0.0026601566267915534