1.0 0.0 0.0 0.0 0.0 0.0 0.0 0.0 0.0 0.0 0.0 0.0 0.0 0.0 0.0 0.0

0.0 1.0 0.0 0.0 0.0 0.0 0.0 0.0 0.0 0.0 0.0 0.0 0.0 0.0 0.0 0.0

0.0 0.0 1.0 0.0 0.0 0.0 0.0 0.0 0.0 0.0 0.0 0.0 0.0 0.0 0.0 0.0

0.0 0.0 0.0 1.0 0.0 0.0 0.0 0.0 0.0 0.0 0.0 0.0 0.0 0.0 0.0 0.0

0.0 0.0 0.0 0.0 0.037432147338383716 4.121525536629951e-19 0.0 0.0 0.0 0.0 0.0 0.0 0.018913412580149138 2.0794579464412929e-19 0.0 0.0

0.0 0.0 0.0 0.0 -0.002764856376745336 0.005966339966652995 0.0 0.0 0.0 0.0 0.0 0.0 1.8557959327791243e-05 0.0030226377655179523 0.0 0.0

0.0 0.0 0.0 0.0 0.0 0.0 0.037432147338383716 4.121525536629951e-19 0.0 0.0 0.0 0.0 0.0 0.0 0.018913412580149138 2.0794579464412929e-19

0.0 0.0 0.0 0.0 0.0 0.0 -0.002764856376745336 0.005966339966652995 0.0 0.0 0.0 0.0 0.0 0.0 1.8557959327791243e-05 0.0030226377655179523

0.0 0.0 0.0 0.0 0.0 0.0 0.0 0.0 1.0 0.0 0.0 0.0 0.0 0.0 0.0 0.0

0.0 0.0 0.0 0.0 0.0 0.0 0.0 0.0 0.0 1.0 0.0 0.0 0.0 0.0 0.0 0.0

0.0 0.0 0.0 0.0 0.0 0.0 0.0 0.0 0.0 0.0 1.0 0.0 0.0 0.0 0.0 0.0

0.0 0.0 0.0 0.0 0.0 0.0 0.0 0.0 0.0 0.0 0.0 1.0 0.0 0.0 0.0 0.0

0.0 0.0 0.0 0.0 0.018913412580149138 2.079457946441293e-19 0.0 0.0 0.0 0.0 0.0 0.0 0.03822150298221286 4.1963062491352237e-19 0.0 0.0

0.0 0.0 0.0 0.0 1.8557959327791568e-05 0.003022637765517954 0.0 0.0 0.0 0.0 0.0 0.0 0.0028390882140565013 0.006124211095418822 0.0 0.0

0.0 0.0 0.0 0.0 0.0 0.0 0.018913412580149138 2.079457946441293e-19 0.0 0.0 0.0 0.0 0.0 0.0 0.03822150298221286 4.1963062491352237e-19

0.0 0.0 0.0 0.0 0.0 0.0 1.8557959327791568e-05 0.003022637765517954 0.0 0.0 0.0 0.0 0.0 0.0 0.0028390882140565013 0.006124211095418822



